1.959647059440612793e+00 -4.266352653503417969e-01 1.066784858703613281e+00 0.000000000000000000e+00 0.000000000000000000e+00 0.000000000000000000e+00 0.000000000000000000e+00 0.000000000000000000e+00 0.000000000000000000e+00 0.000000000000000000e+00
1.369535088539123535e+00 -6.574487686157226562e-01 1.363528251647949219e+00 6.532157212495803833e-02 -1.422117650508880615e-02 3.555949777364730835e-02 0.000000000000000000e+00 0.000000000000000000e+00 0.000000000000000000e+00 3.333333507180213928e-02
1.198028445243835449e+00 -4.083404541015625000e-01 8.508729934692382812e-01 1.109727472066879272e-01 -3.613613545894622803e-02 8.101044595241546631e-02 2.177385846152901649e-03 -4.740392323583364487e-04 1.185316708870232105e-03 6.666667014360427856e-02
9.603525996208190918e-01 -2.992062568664550781e-01 1.020879745483398438e+00 1.509070396423339844e-01 -4.974748566746711731e-02 1.093728840351104736e-01 5.876477807760238647e-03 -1.678577158600091934e-03 3.885664977133274078e-03 1.000000014901161194e-01
9.594712257385253906e-01 -6.392631530761718750e-01 2.672691345214843750e-01 1.829187870025634766e-01 -5.972103029489517212e-02 1.434022188186645508e-01 1.090671308338642120e-02 -3.336826805025339127e-03 7.531427778303623199e-03 1.333333402872085571e-01
1.059238791465759277e+00 -2.134590148925781250e-01 5.029058456420898438e-01 2.149011641740798950e-01 -8.102980256080627441e-02 1.523111909627914429e-01 1.700400561094284058e-02 -5.327527876943349838e-03 1.231150142848491669e-02 1.666666716337203979e-01
1.099857211112976074e+00 -1.397199630737304688e-01 4.316215515136718750e-01 2.502091228961944580e-01 -8.814510703086853027e-02 1.690747141838073730e-01 2.416737750172615051e-02 -8.028521202504634857e-03 1.738854125142097473e-02 2.000000029802322388e-01
3.266510963439941406e-01 -7.655010223388671875e-01 2.175292968750000000e-01 2.868710160255432129e-01 -9.280244261026382446e-02 1.834620982408523560e-01 3.250768035650253296e-02 -1.096669211983680725e-02 2.302436530590057373e-02 2.333333343267440796e-01
5.124108195304870605e-01 -3.362951278686523438e-01 1.505966186523437500e-01 2.977593839168548584e-01 -1.183191463351249695e-01 1.907130777835845947e-01 4.207004606723785400e-02 -1.406010705977678299e-02 2.913976833224296570e-02 2.666666805744171143e-01
9.586304426193237305e-01 4.852004051208496094e-01 5.598573684692382812e-01 3.148397505283355713e-01 -1.295289844274520874e-01 1.957329660654067993e-01 5.199535936117172241e-02 -1.800407841801643372e-02 3.549687191843986511e-02 3.000000119209289551e-01
3.292218148708343506e-01 -4.490647315979003906e-01 2.474822998046875000e-01 3.467940986156463623e-01 -1.133556365966796875e-01 2.143948823213577271e-01 6.249001622200012207e-02 -2.232171222567558289e-02 4.202130436897277832e-02 3.333333432674407959e-01
1.682240068912506104e-01 -2.940573692321777344e-01 1.744298934936523438e-01 3.577681481838226318e-01 -1.283244639635086060e-01 2.226442992687225342e-01 7.404982298612594604e-02 -2.610023319721221924e-02 4.916780069470405579e-02 3.666666746139526367e-01
4.805110692977905273e-01 9.716033935546875000e-03 2.713556289672851562e-01 3.633756041526794434e-01 -1.381263732910156250e-01 2.284586280584335327e-01 8.597543090581893921e-02 -3.037771582603454590e-02 5.658927932381629944e-02 4.000000059604644775e-01
4.051679372787475586e-01 -3.726782798767089844e-01 2.549839019775390625e-02 3.793926537036895752e-01 -1.378025114536285400e-01 2.375038117170333862e-01 9.808795154094696045e-02 -3.498192876577377319e-02 6.420456618070602417e-02 4.333333373069763184e-01
5.932525992393493652e-01 -4.315471649169921875e-02 1.624536514282226562e-01 3.928982615470886230e-01 -1.502251178026199341e-01 2.383537590503692627e-01 1.107343733310699463e-01 -3.957534581422805786e-02 7.212135940790176392e-02 4.666666686534881592e-01
1.147335767745971680e+00 -2.554993629455566406e-01 -8.631992340087890625e-02 4.126733541488647461e-01 -1.516636013984680176e-01 2.437688857316970825e-01 1.238309815526008606e-01 -4.458285123109817505e-02 8.006648719310760498e-02 5.000000000000000000e-01
7.134011983871459961e-01 -3.262944221496582031e-01 -3.222846984863281250e-01 4.509178698062896729e-01 -1.601802408695220947e-01 2.408915609121322632e-01 1.375867575407028198e-01 -4.963830485939979553e-02 8.819212019443511963e-02 5.333333611488342285e-01
5.799977183341979980e-01 -1.323971748352050781e-01 -1.138343811035156250e-01 4.746979176998138428e-01 -1.710567176342010498e-01 2.301487326622009277e-01 1.526173502206802368e-01 -5.497764796018600464e-02 9.622184187173843384e-02 5.666667222976684570e-01
3.719070553779602051e-01 -1.487078666687011719e-01 -6.130599975585937500e-02 4.940311908721923828e-01 -1.754699498414993286e-01 2.263542562723159790e-01 1.684406101703643799e-01 -6.067954003810882568e-02 1.038934662938117981e-01 6.000000834465026855e-01
4.364868700504302979e-01 -2.537546157836914062e-01 -8.346557617187500000e-02 5.064281225204467773e-01 -1.804268807172775269e-01 2.243107259273529053e-01 1.849083155393600464e-01 -6.652853637933731079e-02 1.114386096596717834e-01 6.333334445953369141e-01
4.925888180732727051e-01 -2.393436431884765625e-01 -1.220903396606445312e-01 5.209776759147644043e-01 -1.888853609561920166e-01 2.215285450220108032e-01 2.017892599105834961e-01 -7.254276424646377563e-02 1.189156323671340942e-01 6.666668057441711426e-01
2.167884260416030884e-01 -2.087168693542480469e-01 -1.958045959472656250e-01 5.373973250389099121e-01 -1.968634873628616333e-01 2.174588739871978760e-01 2.191551774740219116e-01 -7.883894443511962891e-02 1.262999176979064941e-01 7.000001668930053711e-01
-1.167905330657958984e-02 -1.781501770019531250e-01 -2.792739868164062500e-02 5.446236133575439453e-01 -2.038207203149795532e-01 2.109320461750030518e-01 2.370684146881103516e-01 -8.540105819702148438e-02 1.335485428571701050e-01 7.333335280418395996e-01
-1.876791119575500488e-01 -1.858997344970703125e-01 -1.743202209472656250e-01 5.442343354225158691e-01 -2.097590565681457520e-01 2.100011259317398071e-01 2.552225291728973389e-01 -9.219507873058319092e-02 1.405796110630035400e-01 7.666668891906738281e-01
-2.601376473903656006e-01 -8.312273025512695312e-02 -7.551097869873046875e-02 5.379783511161804199e-01 -2.159557193517684937e-01 2.041904479265213013e-01 2.733636796474456787e-01 -9.918704628944396973e-02 1.475796550512313843e-01 8.000002503395080566e-01
-7.170485258102416992e-01 4.768371582031250000e-07 -2.707223892211914062e-01 5.293070673942565918e-01 -2.187264710664749146e-01 2.016734182834625244e-01 2.912963032722473145e-01 -1.063855737447738647e-01 1.543859988451004028e-01 8.333336114883422852e-01
-1.319332718849182129e+00 1.014127731323242188e-01 -2.865724563598632812e-01 5.054054260253906250e-01 -2.187264561653137207e-01 1.926493346691131592e-01 3.089398741722106934e-01 -1.136764585971832275e-01 1.611084491014480591e-01 8.666669726371765137e-01
-1.775018215179443359e+00 1.603674888610839844e-01 -1.415920257568359375e-01 4.614276587963104248e-01 -2.153460234403610229e-01 1.830969154834747314e-01 3.257867097854614258e-01 -1.209673434495925903e-01 1.675300896167755127e-01 9.000003337860107422e-01
-2.069031476974487305e+00 2.681565284729003906e-01 -2.825641632080078125e-01 4.022603929042816162e-01 -2.100004404783248901e-01 1.783771812915802002e-01 3.411676287651062012e-01 -1.281455457210540771e-01 1.736333221197128296e-01 9.333336949348449707e-01
-2.703238248825073242e+00 4.541096687316894531e-01 -3.802995681762695312e-01 3.332926630973815918e-01 -2.010618895292282104e-01 1.689583808183670044e-01 3.545763194561004639e-01 -1.351455599069595337e-01 1.795792281627655029e-01 9.666670560836791992e-01
-3.659396171569824219e+00 6.606173515319824219e-01 -5.070686340332031250e-03 2.431847155094146729e-01 -1.859249025583267212e-01 1.562817245721817017e-01 3.656860888004302979e-01 -1.418476253747940063e-01 1.852111816406250000e-01 1.000000357627868652e+00
-4.816539287567138672e+00 6.378226280212402344e-01 6.527891159057617188e-01 1.212048381567001343e-01 -1.639043241739273071e-01 1.561127007007598877e-01 3.737922310829162598e-01 -1.480451226234436035e-01 1.904205679893493652e-01 1.033333659172058105e+00
-5.655060768127441406e+00 6.583867073059082031e-01 1.472175598144531250e+00 -3.934648633003234863e-02 -1.426435708999633789e-01 1.778723448514938354e-01 3.778323829174041748e-01 -1.535086035728454590e-01 1.956243216991424561e-01 1.066666960716247559e+00
-6.058550834655761719e+00 6.254630088806152344e-01 2.060053825378417969e+00 -2.278485149145126343e-01 -1.206973493099212646e-01 2.269448637962341309e-01 3.765208423137664795e-01 -1.582633852958679199e-01 2.015534043312072754e-01 1.100000262260437012e+00
-6.059913158416748047e+00 7.063345909118652344e-01 2.306533813476562500e+00 -4.298002123832702637e-01 -9.984858334064483643e-02 2.956133186817169189e-01 3.689258992671966553e-01 -1.622866243124008179e-01 2.091182321310043335e-01 1.133333563804626465e+00
-5.680008888244628906e+00 5.326709747314453125e-01 2.188199996948242188e+00 -6.317973136901855469e-01 -7.630409300327301025e-02 3.724977970123291016e-01 3.545992374420166016e-01 -1.656149178743362427e-01 2.189720124006271362e-01 1.166666865348815918e+00
-4.646949768066406250e+00 1.335196495056152344e-01 1.604240417480468750e+00 -8.211309313774108887e-01 -5.854839086532592773e-02 4.454377889633178711e-01 3.335393369197845459e-01 -1.681583821773529053e-01 2.313885986804962158e-01 1.200000166893005371e+00
-3.453897953033447266e+00 -3.199243545532226562e-01 6.551494598388671875e-01 -9.760292768478393555e-01 -5.409773439168930054e-02 4.989124834537506104e-01 3.061683177947998047e-01 -1.701100021600723267e-01 2.462365329265594482e-01 1.233333468437194824e+00
-2.195630550384521484e+00 -8.086028099060058594e-01 7.099628448486328125e-02 -1.091159224510192871e+00 -6.476187705993652344e-02 5.207508206367492676e-01 2.736340165138244629e-01 -1.719132661819458008e-01 2.628669440746307373e-01 1.266666769981384277e+00
-9.900399446487426758e-01 -1.088758945465087891e+00 8.929729461669921875e-02 -1.164346933364868164e+00 -9.171530604362487793e-02 5.231173634529113770e-01 2.372620403766632080e-01 -1.740719974040985107e-01 2.802253067493438721e-01 1.300000071525573730e+00
-2.777284383773803711e-01 -1.387123107910156250e+00 2.219123840332031250e-01 -1.197348237037658691e+00 -1.280072778463363647e-01 5.260939598083496094e-01 1.984504759311676025e-01 -1.771291792392730713e-01 2.976625561714172363e-01 1.333333373069763184e+00
4.646418094635009766e-01 -1.739447593688964844e+00 4.466562271118164062e-01 -1.206605911254882812e+00 -1.742447167634963989e-01 5.334910154342651367e-01 1.585388630628585815e-01 -1.813960820436477661e-01 3.151990175247192383e-01 1.366666674613952637e+00
1.610958456993103027e+00 -1.841128826141357422e+00 5.740900039672851562e-01 -1.191117882728576660e+00 -2.322263121604919434e-01 5.483795404434204102e-01 1.183186620473861694e-01 -1.872042417526245117e-01 3.329820632934570312e-01 1.399999976158142090e+00
2.194022655487060547e+00 -1.699430942535400391e+00 4.566001892089843750e-01 -1.137419223785400391e+00 -2.935972809791564941e-01 5.675158500671386719e-01 7.861472666263580322e-02 -1.949451267719268799e-01 3.512613773345947266e-01 1.433333277702331543e+00
2.223128557205200195e+00 -1.528774261474609375e+00 1.427240371704101562e-01 -1.064285159111022949e+00 -3.502449691295623779e-01 5.827358365058898926e-01 4.070075228810310364e-02 -2.047317028045654297e-01 3.701785802841186523e-01 1.466666579246520996e+00
2.373160600662231445e+00 -1.477768898010253906e+00 -1.438875198364257812e-01 -9.901808500289916992e-01 -4.012041091918945312e-01 5.874933004379272461e-01 5.224578082561492920e-03 -2.164065390825271606e-01 3.896031081676483154e-01 1.499999880790710449e+00
2.871243953704833984e+00 -1.466379165649414062e+00 -5.631933212280273438e-01 -9.110754728317260742e-01 -4.504630863666534424e-01 5.826970338821411133e-01 -2.778145298361778259e-02 -2.297800034284591675e-01 4.091862142086029053e-01 1.533333182334899902e+00
3.159734010696411133e+00 -1.264452457427978516e+00 -1.017484664916992188e+00 -8.153673410415649414e-01 -4.993423819541931152e-01 5.639238953590393066e-01 -5.815063789486885071e-02 -2.447954416275024414e-01 4.286094605922698975e-01 1.566666483879089355e+00
2.893067359924316406e+00 -9.502539634704589844e-01 -1.341452598571777344e+00 -7.100428938865661621e-01 -5.414907932281494141e-01 5.300077199935913086e-01 -8.532954752445220947e-02 -2.614401876926422119e-01 4.474069178104400635e-01 1.599999785423278809e+00
2.128996610641479492e+00 -9.858064651489257812e-01 -1.165807723999023438e+00 -6.136072874069213867e-01 -5.731659531593322754e-01 4.852926433086395264e-01 -1.089976429939270020e-01 -2.794898748397827148e-01 4.650738537311553955e-01 1.633333086967468262e+00
2.197525262832641602e+00 -1.203317165374755859e+00 -7.499866485595703125e-01 -5.426407456398010254e-01 -6.060261726379394531e-01 4.464323818683624268e-01 -1.294512152671813965e-01 -2.985953986644744873e-01 4.812502861022949219e-01 1.666666388511657715e+00
2.828561067581176758e+00 -1.485866546630859375e+00 -3.091382980346679688e-01 -4.693899154663085938e-01 -6.461367607116699219e-01 4.214328229427337646e-01 -1.475392431020736694e-01 -3.187962770462036133e-01 4.961313605308532715e-01 1.699999690055847168e+00
3.221275806427001953e+00 -1.448549270629882812e+00 2.652702331542968750e-01 -3.751045465469360352e-01 -6.956656575202941895e-01 4.111282229423522949e-01 -1.631855666637420654e-01 -3.403341770172119141e-01 5.101791024208068848e-01 1.733332991600036621e+00
3.209727048873901367e+00 -1.347844123840332031e+00 4.816761016845703125e-01 -2.677286863327026367e-01 -7.439506053924560547e-01 4.199705719947814941e-01 -1.756890565156936646e-01 -3.635230362415313721e-01 5.238834023475646973e-01 1.766666293144226074e+00
3.436855077743530273e+00 -1.468005657196044922e+00 2.794876098632812500e-01 -1.607377827167510986e-01 -7.888787388801574707e-01 4.360264539718627930e-01 -1.846133470535278320e-01 -3.883213996887207031e-01 5.378824472427368164e-01 1.799999594688415527e+00
3.703003168106079102e+00 -1.567784786224365234e+00 1.076793670654296875e-01 -4.617594182491302490e-02 -8.378122448921203613e-01 4.453427195549011230e-01 -1.899712681770324707e-01 -4.146173596382141113e-01 5.524166822433471680e-01 1.833332896232604980e+00
4.274283409118652344e+00 -1.763325214385986328e+00 5.921945571899414062e-01 7.725750654935836792e-02 -8.900717496871948242e-01 4.489320218563079834e-01 -1.915104687213897705e-01 -4.425444304943084717e-01 5.672614574432373047e-01 1.866666197776794434e+00
5.162712574005126953e+00 -1.859271049499511719e+00 4.414548873901367188e-01 2.197336256504058838e-01 -9.488492608070373535e-01 4.686718285083770752e-01 -1.889352202415466309e-01 -4.722134768962860107e-01 5.822258591651916504e-01 1.899999499320983887e+00
5.733288764953613281e+00 -1.787588596343994141e+00 -2.784109115600585938e-01 3.918240666389465332e-01 -1.010824918746948242e+00 4.833869934082031250e-01 -1.816107630729675293e-01 -5.038417577743530273e-01 5.978482365608215332e-01 1.933332800865173340e+00
5.328813076019287109e+00 -1.558801174163818359e+00 -4.998083114624023438e-01 5.829337239265441895e-01 -1.070411205291748047e+00 4.741066396236419678e-01 -1.685499548912048340e-01 -5.375359058380126953e-01 6.139611601829528809e-01 1.966666102409362793e+00
5.311465740203857422e+00 -1.461175918579101562e+00 -7.419872283935546875e-02 7.605608701705932617e-01 -1.122371196746826172e+00 4.574463665485382080e-01 -1.491188257932662964e-01 -5.732162594795227051e-01 6.297647356986999512e-01 1.999999403953552246e+00
4.956836223602294922e+00 -1.370136260986328125e+00 2.805395126342773438e-01 9.376097321510314941e-01 -1.171077013015747070e+00 4.549730718135833740e-01 -1.237667948007583618e-01 -6.106286048889160156e-01 6.450129747390747070e-01 2.033332824707031250e+00
4.422389507293701172e+00 -1.131794452667236328e+00 7.710742950439453125e-01 1.102837562561035156e+00 -1.216748237609863281e+00 4.643243849277496338e-01 -9.251313656568527222e-02 -6.496645212173461914e-01 6.601787209510803223e-01 2.066666126251220703e+00
3.946927785873413086e+00 -8.340182304382324219e-01 1.076831817626953125e+00 1.250250577926635742e+00 -1.254474759101867676e+00 4.900268614292144775e-01 -5.575188249349594116e-02 -6.902227997779846191e-01 6.756561994552612305e-01 2.099999427795410156e+00
3.366812467575073242e+00 -7.028040885925292969e-01 1.108429908752441406e+00 1.381814837455749512e+00 -1.282275319099426270e+00 5.259212851524353027e-01 -1.407686248421669006e-02 -7.320386171340942383e-01 6.919904351234436035e-01 2.133332729339599609e+00
3.207642316818237305e+00 -7.442412376403808594e-01 9.336709976196289062e-01 1.494041919708251953e+00 -1.305702090263366699e+00 5.628689527511596680e-01 3.198363631963729858e-02 -7.747811079025268555e-01 7.095211744308471680e-01 2.166666030883789062e+00
3.590538978576660156e+00 -7.995047569274902344e-01 7.257661819458007812e-01 1.600963354110717773e+00 -1.330510139465332031e+00 5.939913392066955566e-01 8.178503811359405518e-02 -8.183045387268066406e-01 7.282834649085998535e-01 2.199999332427978516e+00
3.358201980590820312e+00 -9.875588417053222656e-01 1.141820907592773438e+00 1.720648050308227539e+00 -1.357160329818725586e+00 6.181835532188415527e-01 1.351504921913146973e-01 -8.626548647880554199e-01 7.480831742286682129e-01 2.233332633972167969e+00
2.921861410140991211e+00 -1.410858631134033203e+00 1.427866935729980469e+00 1.832588076591491699e+00 -1.390078902244567871e+00 6.562442779541015625e-01 1.925054341554641724e-01 -9.078935384750366211e-01 7.686892747879028320e-01 2.266665935516357422e+00
3.184912443161010742e+00 -1.817595958709716797e+00 9.323425292968750000e-01 1.929983496665954590e+00 -1.437107563018798828e+00 7.038398385047912598e-01 2.535917162895202637e-01 -9.542294740676879883e-01 7.905640602111816406e-01 2.299999237060546875e+00
3.042408227920532227e+00 -1.621210098266601562e+00 1.361669540405273438e+00 2.036147356033325195e+00 -1.497694134712219238e+00 7.349179387092590332e-01 3.179244995117187500e-01 -1.002133011817932129e+00 8.140254020690917969e-01 2.333332538604736328e+00
6.758203506469726562e-01 -1.688950061798095703e+00 2.871275901794433594e+00 2.137561082839965820e+00 -1.551734447479248047e+00 7.803069353103637695e-01 3.857960700988769531e-01 -1.052056193351745605e+00 8.385226726531982422e-01 2.366665840148925781e+00
2.707590162754058838e-01 -1.842008590698242188e+00 2.722958564758300781e+00 2.160088539123535156e+00 -1.608032822608947754e+00 8.760161399841308594e-01 4.570481181144714355e-01 -1.103780627250671387e+00 8.645328879356384277e-01 2.399999141693115234e+00
2.500110268592834473e-01 -2.320289373397827148e+00 1.063772201538085938e+00 2.169113874435424805e+00 -1.669433116912841797e+00 9.667814373970031738e-01 5.290510654449462891e-01 -1.157381772994995117e+00 8.937334418296813965e-01 2.433332443237304688e+00
2.623451054096221924e-01 -2.232674121856689453e+00 2.358636856079101562e-01 2.177447557449340820e+00 -1.746776103973388672e+00 1.002240538597106934e+00 6.013548374176025391e-01 -1.213029503822326660e+00 9.259594678878784180e-01 2.466665744781494141e+00
-5.728143453598022461e-01 -1.650767803192138672e+00 7.789087295532226562e-01 2.186192512512207031e+00 -1.821198582649230957e+00 1.010102629661560059e+00 6.739364266395568848e-01 -1.271255373954772949e+00 9.593675136566162109e-01 2.499999046325683594e+00
-1.715545773506164551e+00 -1.226982116699218750e+00 7.128524780273437500e-01 2.167098760604858398e+00 -1.876224160194396973e+00 1.036066293716430664e+00 7.468094825744628906e-01 -1.331961989402770996e+00 9.930375814437866211e-01 2.533332347869873047e+00
-2.145142555236816406e+00 -1.235724925994873047e+00 6.518068313598632812e-01 2.109913825988769531e+00 -1.917123556137084961e+00 1.059828042984008789e+00 8.190461397171020508e-01 -1.394502758979797363e+00 1.027573108673095703e+00 2.566665649414062500e+00
-1.227327585220336914e+00 -9.745588302612304688e-01 9.846172332763671875e-01 2.038408994674682617e+00 -1.958314418792724609e+00 1.081554889678955078e+00 8.893765807151794434e-01 -1.458406925201416016e+00 1.062900662422180176e+00 2.599998950958251953e+00
-1.528383612632751465e+00 -5.725474357604980469e-01 2.784185409545898438e-01 1.997498035430908203e+00 -1.990799665451049805e+00 1.114375472068786621e+00 9.573235511779785156e-01 -1.523684024810791016e+00 1.098952531814575195e+00 2.633332252502441406e+00
-3.236463069915771484e+00 -2.840573787689208984e-01 -1.023934364318847656e+00 1.946551918983459473e+00 -2.009884595870971680e+00 1.123656034469604492e+00 1.023906826972961426e+00 -1.590044021606445312e+00 1.136098384857177734e+00 2.666665554046630859e+00
-4.140841007232666016e+00 -5.540249347686767578e-01 -9.784860610961914062e-01 1.838669776916503906e+00 -2.019353151321411133e+00 1.089524865150451660e+00 1.088791847229003906e+00 -1.657040119171142578e+00 1.173553586006164551e+00 2.699998855590820312e+00
-2.975359201431274414e+00 -5.190594196319580078e-01 1.050573348999023438e+00 1.700641751289367676e+00 -2.037820577621459961e+00 1.056908607482910156e+00 1.150080800056457520e+00 -1.724351882934570312e+00 1.209871053695678711e+00 2.733332157135009766e+00
-2.373772382736206055e+00 -4.060027599334716797e-01 1.594432830810546875e+00 1.601463079452514648e+00 -2.055122613906860352e+00 1.091927766799926758e+00 1.206768870353698730e+00 -1.792279243469238281e+00 1.245101332664489746e+00 2.766665458679199219e+00
-3.720943927764892578e+00 -9.461243152618408203e-01 -8.237171173095703125e-02 1.522337317466735840e+00 -2.068655967712402344e+00 1.145075559616088867e+00 1.260151028633117676e+00 -1.860783338546752930e+00 1.281498908996582031e+00 2.799998760223388672e+00
-4.388860702514648438e+00 -1.490299940109252930e+00 -1.160758018493652344e+00 1.398305892944335938e+00 -2.100193500518798828e+00 1.142329812049865723e+00 1.310895562171936035e+00 -1.929738521575927734e+00 1.319668054580688477e+00 2.833332061767578125e+00
-3.371383666992187500e+00 -1.801132202148437500e+00 -3.091688156127929688e-01 1.252010583877563477e+00 -2.149870157241821289e+00 1.103637933731079102e+00 1.357505798339843750e+00 -1.999745011329650879e+00 1.357745766639709473e+00 2.866665363311767578e+00
-2.426355600357055664e+00 -1.792272090911865234e+00 4.496917724609375000e-01 1.139631152153015137e+00 -2.209908008575439453e+00 1.093332290649414062e+00 1.399239540100097656e+00 -2.071407318115234375e+00 1.394533753395080566e+00 2.899998664855957031e+00
-2.878837347030639648e+00 -1.611744165420532227e+00 3.017807006835937500e-02 1.058752655982971191e+00 -2.269650459289550781e+00 1.108322024345397949e+00 1.437227249145507812e+00 -2.145071029663085938e+00 1.430978178977966309e+00 2.933331966400146484e+00
-4.354292392730712891e+00 -2.022073745727539062e+00 -5.542926788330078125e-01 9.627913832664489746e-01 -2.323375225067138672e+00 1.109327912330627441e+00 1.472519040107727051e+00 -2.220726013183593750e+00 1.467922210693359375e+00 2.966665267944335938e+00
-4.406650543212890625e+00 -2.174606323242187500e+00 -2.552146911621093750e-01 8.176482915878295898e-01 -2.390777587890625000e+00 1.090851545333862305e+00 1.504612088203430176e+00 -2.298171758651733398e+00 1.504899859428405762e+00 2.999998569488525391e+00
-4.004868984222412109e+00 -2.131935596466064453e+00 1.569843292236328125e-01 6.707599163055419922e-01 -2.463264465332031250e+00 1.082344412803649902e+00 1.531867027282714844e+00 -2.377864360809326172e+00 1.541261553764343262e+00 3.033331871032714844e+00
-3.841257333755493164e+00 -1.889021873474121094e+00 3.599929809570312500e-02 5.372642874717712402e-01 -2.534328937530517578e+00 1.087577223777770996e+00 1.554225683212280273e+00 -2.459973096847534180e+00 1.577339649200439453e+00 3.066665172576904297e+00
-4.520406723022460938e+00 -1.682055950164794922e+00 -3.010072708129882812e-01 4.092223644256591797e-01 -2.597296237945556641e+00 1.088777184486389160e+00 1.572134494781494141e+00 -2.544450759887695312e+00 1.613592267036437988e+00 3.099998474121093750e+00
-4.967918395996093750e+00 -1.550339937210083008e+00 8.338871002197265625e-01 2.585421204566955566e-01 -2.653364658355712891e+00 1.078743577003479004e+00 1.585775256156921387e+00 -2.631027221679687500e+00 1.649884819984436035e+00 3.133331775665283203e+00
-4.866168975830078125e+00 -1.336651325225830078e+00 1.767132759094238281e+00 9.294483065605163574e-02 -2.705042600631713867e+00 1.106539845466613770e+00 1.594393372535705566e+00 -2.719472646713256836e+00 1.685842990875244141e+00 3.166665077209472656e+00
-4.487645149230957031e+00 -9.187862873077392578e-01 1.866918563842773438e+00 -6.926080584526062012e-02 -2.749597549438476562e+00 1.165444254875183105e+00 1.597491502761840820e+00 -2.809640645980834961e+00 1.722727656364440918e+00 3.199998378753662109e+00
-4.698653697967529297e+00 -4.940993785858154297e-01 1.378591537475585938e+00 -2.188489884138107300e-01 -2.780223846435546875e+00 1.227674841880798340e+00 1.595182776451110840e+00 -2.901293992996215820e+00 1.761575818061828613e+00 3.233331680297851562e+00
-5.309955596923828125e+00 -4.120564460754394531e-01 6.899766921997070312e-01 -3.754707872867584229e-01 -2.796693801879882812e+00 1.273627877235412598e+00 1.587887763977050781e+00 -2.993968009948730469e+00 1.802498340606689453e+00 3.266664981842041016e+00
-5.595607280731201172e+00 -5.693385601043701172e-01 7.092189788818359375e-02 -5.524693131446838379e-01 -2.810429096221923828e+00 1.296627044677734375e+00 1.575372099876403809e+00 -3.087191104888916016e+00 1.844952583312988281e+00 3.299998283386230469e+00
-5.419953346252441406e+00 -8.689758777618408203e-01 3.283948898315429688e-01 -7.389895915985107422e-01 -2.829406976699829102e+00 1.298991084098815918e+00 1.556956410408020020e+00 -3.180871963500976562e+00 1.888173460960388184e+00 3.333331584930419922e+00
-4.704176902770996094e+00 -1.372990369796752930e+00 1.111025810241699219e+00 -9.196547269821166992e-01 -2.858372926712036133e+00 1.309937596321105957e+00 1.532323479652404785e+00 -3.275185585021972656e+00 1.931473135948181152e+00 3.366664886474609375e+00
-3.559914350509643555e+00 -1.483819007873535156e+00 1.507378578186035156e+00 -1.076460599899291992e+00 -2.904139280319213867e+00 1.346971750259399414e+00 1.501668334007263184e+00 -3.370464801788330078e+00 1.975137710571289062e+00 3.399998188018798828e+00
-3.301732063293457031e+00 -1.385138273239135742e+00 1.663905143737792969e+00 -1.195124387741088867e+00 -2.953599929809570312e+00 1.397217750549316406e+00 1.465786337852478027e+00 -3.467269420623779297e+00 2.020036697387695312e+00 3.433331489562988281e+00
-3.470971584320068359e+00 -1.573470592498779297e+00 1.659047126770019531e+00 -1.305182099342346191e+00 -2.999771118164062500e+00 1.452681303024291992e+00 1.425948858261108398e+00 -3.565722703933715820e+00 2.066610574722290039e+00 3.466664791107177734e+00
-3.408282518386840820e+00 -1.735685825347900391e+00 1.553606033325195312e+00 -1.420881152153015137e+00 -3.052220106124877930e+00 1.507982850074768066e+00 1.382442831993103027e+00 -3.665714979171752930e+00 2.115033388137817383e+00 3.499998092651367188e+00
-3.069162368774414062e+00 -1.896806478500366211e+00 1.077843666076660156e+00 -1.534490585327148438e+00 -3.110076189041137695e+00 1.559769749641418457e+00 1.335080146789550781e+00 -3.767455577850341797e+00 2.165299415588378906e+00 3.533331394195556641e+00
-2.567262887954711914e+00 -1.742571353912353516e+00 5.217180252075195312e-01 -1.636795997619628906e+00 -3.173303127288818359e+00 1.595697879791259766e+00 1.283930420875549316e+00 -3.871124744415283203e+00 2.217291831970214844e+00 3.566664695739746094e+00
-2.737736463546752930e+00 -1.822565793991088867e+00 -8.487796783447265625e-02 -1.722371459007263184e+00 -3.231388807296752930e+00 1.613088488578796387e+00 1.229370594024658203e+00 -3.976901531219482422e+00 2.270481824874877930e+00 3.599997997283935547e+00
-2.690102577209472656e+00 -1.940853357315063477e+00 3.871631622314453125e-02 -1.813629388809204102e+00 -3.292140960693359375e+00 1.610259175300598145e+00 1.171958208084106445e+00 -4.084614276885986328e+00 2.324251413345336914e+00 3.633331298828125000e+00
-2.331619024276733398e+00 -2.143098115921020508e+00 4.928770065307617188e-01 -1.903299450874328613e+00 -3.356836080551147461e+00 1.611549735069274902e+00 1.111503839492797852e+00 -4.194352149963378906e+00 2.377926826477050781e+00 3.666664600372314453e+00
-1.450181484222412109e+00 -2.271740674972534180e+00 1.020709991455078125e+00 -1.981020092964172363e+00 -3.428272724151611328e+00 1.627978920936584473e+00 1.048060536384582520e+00 -4.306246757507324219e+00 2.431645154953002930e+00 3.699997901916503906e+00
-9.508631229400634766e-01 -2.281112432479858398e+00 1.166084289550781250e+00 -2.029359579086303711e+00 -3.503997325897216797e+00 1.662002563476562500e+00 9.820265173912048340e-01 -4.420522689819335938e+00 2.485911130905151367e+00 3.733331203460693359e+00
-5.167055726051330566e-01 -2.389398813247680664e+00 7.461891174316406250e-01 -2.061054944992065430e+00 -3.580034494400024414e+00 1.700872063636779785e+00 9.143812060356140137e-01 -4.537322521209716797e+00 2.541311264038085938e+00 3.766664505004882812e+00
1.325261592864990234e-01 -2.609170436859130859e+00 4.236412048339843750e-01 -2.078278541564941406e+00 -3.659681081771850586e+00 1.725745081901550293e+00 8.456794023513793945e-01 -4.656657218933105469e+00 2.598006963729858398e+00 3.799997806549072266e+00
7.661185264587402344e-01 -2.505625724792480469e+00 2.317266464233398438e-01 -2.073861122131347656e+00 -3.746653556823730469e+00 1.739866495132446289e+00 7.764034271240234375e-01 -4.778646469116210938e+00 2.655531883239746094e+00 3.833331108093261719e+00
9.392300844192504883e-01 -2.189044713973999023e+00 9.037790298461914062e-01 -2.048323869705200195e+00 -3.830174446105957031e+00 1.747590661048889160e+00 7.072747349739074707e-01 -4.903534889221191406e+00 2.713527441024780273e+00 3.866664409637451172e+00
1.306588768959045410e+00 -2.211299180984497070e+00 7.784919738769531250e-01 -2.017016172409057617e+00 -3.903142690658569336e+00 1.777716636657714844e+00 6.389972567558288574e-01 -5.031207561492919922e+00 2.771780490875244141e+00 3.899997711181640625e+00
1.856262207031250000e+00 -2.224465131759643555e+00 1.549215316772460938e-01 -1.973463177680969238e+00 -3.976852655410766602e+00 1.803666353225708008e+00 5.717633962631225586e-01 -5.161312103271484375e+00 2.831037759780883789e+00 3.933331012725830078e+00
2.729551076889038086e+00 -2.193201541900634766e+00 -4.398593902587890625e-01 -1.911587715148925781e+00 -4.051001548767089844e+00 1.808830380439758301e+00 5.059812664985656738e-01 -5.293873786926269531e+00 2.891160011291503906e+00 3.966664314270019531e+00
3.739258050918579102e+00 -1.996645450592041016e+00 -5.383510589599609375e-01 -1.820602655410766602e+00 -4.124108314514160156e+00 1.794168353080749512e+00 4.422616660594940186e-01 -5.428907394409179688e+00 2.951454401016235352e+00 3.999997615814208984e+00
4.976818084716796875e+00 -1.666733264923095703e+00 -2.332038879394531250e-01 -1.695960760116577148e+00 -4.190663337707519531e+00 1.776223301887512207e+00 3.815748989582061768e-01 -5.566377639770507812e+00 3.011260032653808594e+00 4.033330917358398438e+00
5.755905151367187500e+00 -1.337613582611083984e+00 -2.672634124755859375e-01 -1.530066847801208496e+00 -4.246221065521240234e+00 1.768449783325195312e+00 3.250428736209869385e-01 -5.706066608428955078e+00 3.070467472076416016e+00 4.066664218902587891e+00
5.947133541107177734e+00 -1.209291934967041016e+00 -5.947799682617187500e-01 -1.338203310966491699e+00 -4.290808200836181641e+00 1.759541034698486328e+00 2.740406394004821777e-01 -5.847607135772705078e+00 3.129415750503540039e+00 4.099997520446777344e+00
5.944046497344970703e+00 -1.359412193298339844e+00 -6.444902420043945312e-01 -1.139965534210205078e+00 -4.331118106842041016e+00 1.739714980125427246e+00 2.294338643550872803e-01 -5.990633964538574219e+00 3.188067197799682617e+00 4.133330821990966797e+00
6.479584217071533203e+00 -1.488901853561401367e+00 -8.341217041015625000e-02 -9.418306350708007812e-01 -4.376431941986083984e+00 1.718231916427612305e+00 1.914350092411041260e-01 -6.135004520416259766e+00 3.246057748794555664e+00 4.166664123535156250e+00
7.205625534057617188e+00 -1.361153125762939453e+00 4.293279647827148438e-01 -7.258445024490356445e-01 -4.426062107086181641e+00 1.715451478958129883e+00 1.600406467914581299e-01 -6.280885696411132812e+00 3.303332090377807617e+00 4.199997425079345703e+00
7.783184051513671875e+00 -1.104600667953491211e+00 5.328788757324218750e-01 -4.856569766998291016e-01 -4.471434116363525391e+00 1.729762434959411621e+00 1.358458250761032104e-01 -6.428421020507812500e+00 3.360513925552368164e+00 4.233330726623535156e+00
7.985107898712158203e+00 -1.124841451644897461e+00 -1.124763488769531250e-02 -2.262175083160400391e-01 -4.508254051208496094e+00 1.747525095939636230e+00 1.196572557091712952e-01 -6.577468872070312500e+00 3.418172597885131836e+00 4.266664028167724609e+00
7.923226356506347656e+00 -1.278530120849609375e+00 -5.385770797729492188e-01 3.995275497436523438e-02 -4.545748710632324219e+00 1.747150182723999023e+00 1.121166720986366272e-01 -6.727744102478027344e+00 3.476423501968383789e+00 4.299997329711914062e+00
7.546899318695068359e+00 -1.268001317977905273e+00 -6.785202026367187500e-02 3.040603101253509521e-01 -4.588366508483886719e+00 1.729197621345520020e+00 1.134484335780143738e-01 -6.879269123077392578e+00 3.534661769866943359e+00 4.333330631256103516e+00
7.211288452148437500e+00 -1.186355352401733398e+00 7.340593338012695312e-01 5.556236505508422852e-01 -4.630633354187011719e+00 1.726935863494873047e+00 1.235837787389755249e-01 -7.032214641571044922e+00 3.592301607131958008e+00 4.366663932800292969e+00
7.105525016784667969e+00 -1.159850835800170898e+00 6.476774215698242188e-01 7.959999442100524902e-01 -4.670178413391113281e+00 1.751404523849487305e+00 1.421045660972595215e-01 -7.186569213867187500e+00 3.649866104125976562e+00 4.399997234344482422e+00
6.925676345825195312e+00 -1.090768575668334961e+00 -2.966222763061523438e-01 1.032850742340087891e+00 -4.708839893341064453e+00 1.772993803024291992e+00 1.686379015445709229e-01 -7.342241764068603516e+00 3.708246231079101562e+00 4.433330535888671875e+00
6.118169784545898438e+00 -8.495676517486572266e-01 -6.743106842041015625e-01 1.263706684112548828e+00 -4.745198726654052734e+00 1.763106346130371094e+00 2.030662596225738525e-01 -7.499203205108642578e+00 3.767346143722534180e+00 4.466663837432861328e+00
5.088942050933837891e+00 -6.789541244506835938e-01 -3.555507659912109375e-01 1.467645645141601562e+00 -4.773517608642578125e+00 1.740629315376281738e+00 2.451898157596588135e-01 -7.657376289367675781e+00 3.826116323471069336e+00 4.499997138977050781e+00
4.485725402832031250e+00 -4.666087627410888672e-01 3.646650314331054688e-01 1.637277007102966309e+00 -4.796149253845214844e+00 1.728777647018432617e+00 2.941113412380218506e-01 -7.816493511199951172e+00 3.884137392044067383e+00 4.533330440521240234e+00
4.481460571289062500e+00 -4.754595756530761719e-01 1.415262222290039062e-01 1.786801218986511230e+00 -4.811702728271484375e+00 1.740933179855346680e+00 3.486872315406799316e-01 -7.976365089416503906e+00 3.941763401031494141e+00 4.566663742065429688e+00
4.492650032043457031e+00 -6.516578197479248047e-01 -7.536945343017578125e-01 1.936183214187622070e+00 -4.827551364898681641e+00 1.745650768280029297e+00 4.082472920417785645e-01 -8.136754989624023438e+00 3.999794483184814453e+00 4.599997043609619141e+00
4.209924221038818359e+00 -9.794514179229736328e-01 -8.609600067138671875e-01 2.085938215255737305e+00 -4.849273204803466797e+00 1.720527648925781250e+00 4.727867245674133301e-01 -8.297673225402832031e+00 4.057982921600341797e+00 4.633330345153808594e+00
3.715795040130615234e+00 -1.499678850173950195e+00 1.400308609008789062e-01 2.226269006729125977e+00 -4.881921768188476562e+00 1.691828966140747070e+00 5.423179864883422852e-01 -8.459315299987792969e+00 4.115334033966064453e+00 4.666663646697998047e+00
3.599839210510253906e+00 -1.866241455078125000e+00 1.461931228637695312e+00 2.350128889083862305e+00 -4.931910991668701172e+00 1.696496605873107910e+00 6.165269613265991211e-01 -8.622046470642089844e+00 4.171728134155273438e+00 4.699996948242187500e+00
3.183547973632812500e+00 -2.196307659149169922e+00 2.054640769958496094e+00 2.470123529434204102e+00 -4.994119167327880859e+00 1.745227694511413574e+00 6.948645710945129395e-01 -8.786443710327148438e+00 4.228278160095214844e+00 4.733330249786376953e+00
2.359227180480957031e+00 -2.336634635925292969e+00 2.121430397033691406e+00 2.576241731643676758e+00 -5.067329406738281250e+00 1.813715696334838867e+00 7.772020101547241211e-01 -8.952914237976074219e+00 4.286452293395996094e+00 4.766663551330566406e+00
1.522950053215026855e+00 -2.456857919692993164e+00 2.587018966674804688e+00 2.654882669448852539e+00 -5.145217418670654297e+00 1.884430050849914551e+00 8.630767464637756348e-01 -9.121825218200683594e+00 4.346909523010253906e+00 4.799996852874755859e+00
1.175609350204467773e+00 -2.668429613113403320e+00 2.697694778442382812e+00 2.705647706985473633e+00 -5.227112770080566406e+00 1.970664024353027344e+00 9.515728354454040527e-01 -9.293332099914550781e+00 4.409723758697509766e+00 4.833330154418945312e+00
1.865297079086303711e+00 -2.728505611419677734e+00 1.960126876831054688e+00 2.744834661483764648e+00 -5.316060543060302734e+00 2.060587167739868164e+00 1.041761159896850586e+00 -9.467569351196289062e+00 4.475412368774414062e+00 4.866663455963134766e+00
1.495952844619750977e+00 -2.433801889419555664e+00 7.730541229248046875e-01 2.807011127471923828e+00 -5.407010555267333984e+00 2.125924825668334961e+00 1.133255600929260254e+00 -9.644771575927734375e+00 4.544098377227783203e+00 4.899996757507324219e+00
-4.507398009300231934e-01 -2.241444587707519531e+00 7.835788726806640625e-01 2.856876134872436523e+00 -5.488137245178222656e+00 2.151693344116210938e+00 1.226822614669799805e+00 -9.825005531311035156e+00 4.614962577819824219e+00 4.933330059051513672e+00
-1.650296211242675781e+00 -2.679508686065673828e+00 1.657495498657226562e-01 2.841851472854614258e+00 -5.562851905822753906e+00 2.177812576293945312e+00 1.322051763534545898e+00 -1.000794315338134766e+01 4.686685562133789062e+00 4.966663360595703125e+00
-1.064130425453186035e+00 -3.078973293304443359e+00 1.486015319824218750e-01 2.786841630935668945e+00 -5.652168750762939453e+00 2.183337450027465820e+00 1.416780114173889160e+00 -1.019337177276611328e+01 4.759279251098632812e+00 4.999996662139892578e+00
-5.959743857383728027e-01 -2.623757123947143555e+00 1.138063430786132812e+00 2.751370668411254883e+00 -5.754801273345947266e+00 2.188290834426879883e+00 1.509674787521362305e+00 -1.038177776336669922e+01 4.832056999206542969e+00 5.033329963684082031e+00
-1.473653078079223633e+00 -2.033386230468750000e+00 1.442132949829101562e+00 2.731504917144775391e+00 -5.842259883880615234e+00 2.226226329803466797e+00 1.601387143135070801e+00 -1.057360458374023438e+01 4.905000209808349609e+00 5.066663265228271484e+00
-2.846982479095458984e+00 -2.272272825241088867e+00 8.209323883056640625e-01 2.682383060455322266e+00 -5.910039424896240234e+00 2.274297475814819336e+00 1.692437291145324707e+00 -1.076834678649902344e+01 4.979207992553710938e+00 5.099996566772460938e+00
-2.759459733963012695e+00 -2.199314594268798828e+00 2.253150939941406250e-02 2.587483644485473633e+00 -5.985781669616699219e+00 2.301661968231201172e+00 1.781850099563598633e+00 -1.096534824371337891e+01 5.055017948150634766e+00 5.133329868316650391e+00
-2.985209941864013672e+00 -1.761598110198974609e+00 -2.762537002563476562e-01 2.495501756668090820e+00 -6.059092044830322266e+00 2.302412986755371094e+00 1.868099570274353027e+00 -1.116487407684326172e+01 5.131740093231201172e+00 5.166663169860839844e+00
-4.605691909790039062e+00 -1.443072795867919922e+00 2.444849014282226562e-01 2.395994663238525391e+00 -6.117812156677246094e+00 2.293204545974731445e+00 1.951282978057861328e+00 -1.136684417724609375e+01 5.208487033843994141e+00 5.199996471405029297e+00
-5.525602340698242188e+00 -7.332859039306640625e-01 1.176021575927734375e+00 2.242471694946289062e+00 -6.165914535522460938e+00 2.301353931427001953e+00 2.031149387359619141e+00 -1.157077121734619141e+01 5.284927368164062500e+00 5.233329772949218750e+00
-5.227623939514160156e+00 -4.957013130187988281e-01 1.282716751098632812e+00 2.058284997940063477e+00 -6.190357208251953125e+00 2.340554714202880859e+00 2.105898380279541016e+00 -1.177630138397216797e+01 5.361639022827148438e+00 5.266663074493408203e+00
-4.453025341033935547e+00 -8.388738632202148438e-01 3.310699462890625000e-01 1.884030818939208984e+00 -6.206880569458007812e+00 2.383311986923217773e+00 2.174507856369018555e+00 -1.198264694213867188e+01 5.439657688140869141e+00 5.299996376037597656e+00
-4.184088706970214844e+00 -1.110691070556640625e+00 -4.960289001464843750e-01 1.735596656799316406e+00 -6.234843254089355469e+00 2.394347667694091797e+00 2.237308979034423828e+00 -1.218954277038574219e+01 5.519101619720458984e+00 5.333329677581787109e+00
-4.607205390930175781e+00 -1.585307836532592773e+00 -6.035976409912109375e-01 1.596127033233642578e+00 -6.271866321563720703e+00 2.377813339233398438e+00 2.295162200927734375e+00 -1.239737129211425781e+01 5.598913192749023438e+00 5.366662979125976562e+00
-4.676250457763671875e+00 -1.762289285659790039e+00 -2.513341903686523438e-01 1.442553520202636719e+00 -6.324709892272949219e+00 2.357693433761596680e+00 2.348366498947143555e+00 -1.260643386840820312e+01 5.678173542022705078e+00 5.399996280670166016e+00
-4.360648632049560547e+00 -2.031741619110107422e+00 -1.150255203247070312e-01 1.286678552627563477e+00 -6.383452892303466797e+00 2.349315643310546875e+00 2.396451711654663086e+00 -1.281725788116455078e+01 5.756763458251953125e+00 5.433329582214355469e+00
-3.870412349700927734e+00 -1.996132135391235352e+00 2.896289825439453125e-01 1.141323566436767578e+00 -6.451177597045898438e+00 2.345481395721435547e+00 2.439341068267822266e+00 -1.303003978729248047e+01 5.835073947906494141e+00 5.466662883758544922e+00
-3.426987171173095703e+00 -1.865012645721435547e+00 4.591159820556640625e-01 1.012309789657592773e+00 -6.517715454101562500e+00 2.355135679244995117e+00 2.477385282516479492e+00 -1.324507904052734375e+01 5.913256645202636719e+00 5.499996185302734375e+00
-3.711471557617187500e+00 -2.064718723297119141e+00 7.633590698242187500e-02 8.980768918991088867e-01 -6.579882621765136719e+00 2.370439529418945312e+00 2.511128902435302734e+00 -1.346233654022216797e+01 5.991761207580566406e+00 5.533329486846923828e+00
-3.952191114425659180e+00 -1.885587692260742188e+00 1.240930557250976562e-01 7.743611335754394531e-01 -6.648706436157226562e+00 2.372984170913696289e+00 2.541064739227294922e+00 -1.368166637420654297e+01 6.070775985717773438e+00 5.566662788391113281e+00
-3.891272544860839844e+00 -1.499943971633911133e+00 3.020133972167968750e-01 6.426213979721069336e-01 -6.711559295654296875e+00 2.377120494842529297e+00 2.566876888275146484e+00 -1.390328979492187500e+01 6.149875640869140625e+00 5.599996089935302734e+00
-3.447607994079589844e+00 -1.187632322311401367e+00 3.041839599609375000e-01 5.129122734069824219e-01 -6.761557579040527344e+00 2.387187719345092773e+00 2.588297605514526367e+00 -1.412700843811035156e+01 6.229113101959228516e+00 5.633329391479492188e+00
-3.228414058685302734e+00 -8.999955654144287109e-01 1.583499908447265625e-01 3.979920148849487305e-01 -6.801145553588867188e+00 2.397327184677124023e+00 2.605394601821899414e+00 -1.435239410400390625e+01 6.308686256408691406e+00 5.666662693023681641e+00
-3.169258594512939453e+00 -9.067466259002685547e-01 -1.108446121215820312e-01 2.903782129287719727e-01 -6.831145286560058594e+00 2.402605533599853516e+00 2.618660926818847656e+00 -1.457909870147705078e+01 6.388597011566162109e+00 5.699995994567871094e+00
-3.130247592926025391e+00 -7.017066478729248047e-01 4.519567489624023438e-01 1.847362518310546875e-01 -6.861370086669921875e+00 2.398910760879516602e+00 2.628340244293212891e+00 -1.480680370330810547e+01 6.468683719635009766e+00 5.733329296112060547e+00
-3.069132089614868164e+00 -5.582311153411865234e-01 3.388156890869140625e-01 8.039466291666030884e-02 -6.884760379791259766e+00 2.413975954055786133e+00 2.634498119354248047e+00 -1.503551578521728516e+01 6.548647403717041016e+00 5.766662597656250000e+00
-3.114565372467041016e+00 -5.690068006515502930e-01 -1.454896926879882812e-01 -2.190974354743957520e-02 -6.903367996215820312e+00 2.425269842147827148e+00 2.637177944183349609e+00 -1.526500797271728516e+01 6.629113197326660156e+00 5.799995899200439453e+00
-3.453308582305908203e+00 -8.237169981002807617e-01 -5.412845611572265625e-01 -1.257285922765731812e-01 -6.922334671020507812e+00 2.420420169830322266e+00 2.636447668075561523e+00 -1.549512004852294922e+01 6.709955692291259766e+00 5.833329200744628906e+00
-3.548226594924926758e+00 -1.117568731307983398e+00 -1.157255172729492188e-01 -2.408388853073120117e-01 -6.949791908264160156e+00 2.402377367019653320e+00 2.632256746292114258e+00 -1.572586441040039062e+01 6.790636539459228516e+00 5.866662502288818359e+00
-3.153038740158081055e+00 -1.326894402503967285e+00 8.699159622192382812e-01 -3.591130971908569336e-01 -6.987044334411621094e+00 2.398519754409790039e+00 2.624228715896606445e+00 -1.595752429962158203e+01 6.870715618133544922e+00 5.899995803833007812e+00
-2.589406967163085938e+00 -1.267455458641052246e+00 1.223683357238769531e+00 -4.642143845558166504e-01 -7.031274318695068359e+00 2.427516937255859375e+00 2.612258195877075195e+00 -1.619042587280273438e+01 6.950666427612304688e+00 5.933329105377197266e+00
-2.569295883178710938e+00 -1.227223515510559082e+00 9.739866256713867188e-01 -5.505279302597045898e-01 -7.073523044586181641e+00 2.468306303024291992e+00 2.596784353256225586e+00 -1.642480087280273438e+01 7.031583786010742188e+00 5.966662406921386719e+00
-3.263754129409790039e+00 -1.581387042999267578e+00 7.312755584716796875e-01 -6.361711025238037109e-01 -7.114430427551269531e+00 2.500772476196289062e+00 2.578433513641357422e+00 -1.666058540344238281e+01 7.113860607147216797e+00 5.999995708465576172e+00
-3.622164011001586914e+00 -1.823696732521057129e+00 9.354238510131835938e-01 -7.449629306793212891e-01 -7.167143344879150391e+00 2.525148391723632812e+00 2.557227849960327148e+00 -1.689773368835449219e+01 7.197219848632812500e+00 6.033329010009765625e+00
-3.037055492401123047e+00 -1.760410547256469727e+00 1.301939010620117188e+00 -8.657017350196838379e-01 -7.227933406829833984e+00 2.556329250335693359e+00 2.532395839691162109e+00 -1.713663864135742188e+01 7.281391620635986328e+00 6.066662311553955078e+00
-2.370600461959838867e+00 -1.170160174369812012e+00 1.150746345520019531e+00 -9.669369459152221680e-01 -7.286613941192626953e+00 2.599727153778076172e+00 2.503539085388183594e+00 -1.737756919860839844e+01 7.366602420806884766e+00 6.099995613098144531e+00
-2.372207403182983398e+00 -9.676771163940429688e-01 9.305982589721679688e-01 -1.045956969261169434e+00 -7.325619220733642578e+00 2.638085365295410156e+00 2.471307754516601562e+00 -1.762045669555664062e+01 7.453259944915771484e+00 6.133328914642333984e+00
-2.693305492401123047e+00 -1.320815801620483398e+00 7.831525802612304688e-01 -1.125030517578125000e+00 -7.357875347137451172e+00 2.669105291366577148e+00 2.436442613601684570e+00 -1.786464309692382812e+01 7.541196346282958984e+00 6.166662216186523438e+00
-2.310700416564941406e+00 -1.641904950141906738e+00 8.221530914306640625e-01 -1.214807391166687012e+00 -7.401902675628662109e+00 2.695210456848144531e+00 2.398941516876220703e+00 -1.810990524291992188e+01 7.630166530609130859e+00 6.199995517730712891e+00
-1.116941094398498535e+00 -1.792808771133422852e+00 7.016830444335937500e-01 -1.291830778121948242e+00 -7.456632614135742188e+00 2.722615480422973633e+00 2.358448028564453125e+00 -1.835663604736328125e+01 7.720006942749023438e+00 6.233328819274902344e+00
1.515176296234130859e-01 -1.622767448425292969e+00 -5.533218383789062500e-03 -1.329062104225158691e+00 -7.516392707824707031e+00 2.746004819869995117e+00 2.315387010574340820e+00 -1.860519027709960938e+01 7.810760974884033203e+00 6.266662120819091797e+00
4.950122237205505371e-01 -1.445118665695190430e+00 -5.076055526733398438e-01 -1.324011564254760742e+00 -7.570485115051269531e+00 2.745820283889770508e+00 2.271085023880004883e+00 -1.885573577880859375e+01 7.902294635772705078e+00 6.299995422363281250e+00
4.677512049674987793e-01 -1.396717071533203125e+00 -4.328413009643554688e-01 -1.307511210441589355e+00 -7.618655681610107422e+00 2.728900194168090820e+00 2.226951360702514648e+00 -1.910808563232421875e+01 7.993822097778320312e+00 6.333328723907470703e+00
-1.877344846725463867e-01 -1.419191122055053711e+00 -2.607698440551757812e-01 -1.291919469833374023e+00 -7.665213108062744141e+00 2.714472055435180664e+00 2.183367729187011719e+00 -1.936204147338867188e+01 8.084785461425781250e+00 6.366662025451660156e+00
3.012213110923767090e-02 -1.328908681869506836e+00 3.483247756958007812e-01 -1.298177242279052734e+00 -7.712519645690917969e+00 2.705779790878295898e+00 2.140303850173950195e+00 -1.961754798889160156e+01 8.175268173217773438e+00 6.399995326995849609e+00
6.023333072662353516e-01 -1.457904815673828125e+00 7.586860656738281250e-02 -1.297173142433166504e+00 -7.756816387176513672e+00 2.717390537261962891e+00 2.097031354904174805e+00 -1.987463188171386719e+01 8.265460968017578125e+00 6.433328628540039062e+00
1.332561492919921875e+00 -1.595877408981323242e+00 1.290149688720703125e-01 -1.277095317840576172e+00 -7.805413246154785156e+00 2.719919443130493164e+00 2.053792238235473633e+00 -2.013319206237792969e+01 8.356040954589843750e+00 6.466661930084228516e+00
2.082551479339599609e+00 -1.662079572677612305e+00 -2.272920608520507812e-01 -1.232676625251770020e+00 -7.858609199523925781e+00 2.724220037460327148e+00 2.011222362518310547e+00 -2.039337158203125000e+01 8.446704864501953125e+00 6.499995231628417969e+00
2.678899765014648438e+00 -1.834548950195312500e+00 -2.179241180419921875e-01 -1.163258194923400879e+00 -7.914011955261230469e+00 2.716643571853637695e+00 1.970133185386657715e+00 -2.065532493591308594e+01 8.537511825561523438e+00 6.533328533172607422e+00
3.480812072753906250e+00 -1.813692331314086914e+00 3.918647766113281250e-02 -1.073961496353149414e+00 -7.975163459777832031e+00 2.709379434585571289e+00 1.931357860565185547e+00 -2.091912460327148438e+01 8.628067016601562500e+00 6.566661834716796875e+00
4.186977863311767578e+00 -1.832866430282592773e+00 4.866094589233398438e-01 -9.579344391822814941e-01 -8.035619735717773438e+00 2.710685729980468750e+00 1.895559191703796387e+00 -2.118496322631835938e+01 8.718379974365234375e+00 6.599995136260986328e+00
4.890752792358398438e+00 -1.717287302017211914e+00 8.052482604980468750e-01 -8.183684945106506348e-01 -8.096714973449707031e+00 2.726906061172485352e+00 1.863628029823303223e+00 -2.145281791687011719e+01 8.808735847473144531e+00 6.633328437805175781e+00
5.186469554901123047e+00 -1.555504322052001953e+00 1.263399124145507812e-01 -6.553434133529663086e-01 -8.153958320617675781e+00 2.753747701644897461e+00 1.836349129676818848e+00 -2.172270774841308594e+01 8.899632453918457031e+00 6.666661739349365234e+00
5.338143348693847656e+00 -1.374704360961914062e+00 -8.322000503540039062e-01 -4.824610948562622070e-01 -8.205808639526367188e+00 2.757959127426147461e+00 1.814504384994506836e+00 -2.199450683593750000e+01 8.991423606872558594e+00 6.699995040893554688e+00
5.611167907714843750e+00 -1.239640951156616211e+00 -1.208355903625488281e+00 -3.045229911804199219e-01 -8.251631736755371094e+00 2.730219125747680664e+00 1.798422336578369141e+00 -2.226803398132324219e+01 9.083355903625488281e+00 6.733328342437744141e+00
6.257154464721679688e+00 -1.100579977035522461e+00 -1.244918823242187500e+00 -1.174840480089187622e-01 -8.292953491210937500e+00 2.689940690994262695e+00 1.788271546363830566e+00 -2.254308891296386719e+01 9.174363136291503906e+00 6.766661643981933594e+00
6.730790138244628906e+00 -7.637350559234619141e-01 -1.195046424865722656e+00 9.108777344226837158e-02 -8.329639434814453125e+00 2.648443460464477539e+00 1.784355401992797852e+00 -2.281952095031738281e+01 9.264027595520019531e+00 6.799994945526123047e+00
6.978968143463134766e+00 -4.603593349456787109e-01 -1.388708114624023438e+00 3.154474496841430664e-01 -8.355096817016601562e+00 2.608608484268188477e+00 1.787391662597656250e+00 -2.309717559814453125e+01 9.352309226989746094e+00 6.833328247070312500e+00
6.713183403015136719e+00 3.075838088989257812e-02 -1.393191337585449219e+00 5.480797290802001953e-01 -8.370442390441894531e+00 2.562318325042724609e+00 1.797906637191772461e+00 -2.337567901611328125e+01 9.439262390136718750e+00 6.866661548614501953e+00
5.829679489135742188e+00 3.880600929260253906e-01 -1.177506446838378906e+00 7.718524932861328125e-01 -8.369417190551757812e+00 2.515878677368164062e+00 1.816175937652587891e+00 -2.365469360351562500e+01 9.524673461914062500e+00 6.899994850158691406e+00
4.919137954711914062e+00 6.020812988281250000e-01 -1.140798568725585938e+00 9.661751389503479004e-01 -8.356481552124023438e+00 2.476628541946411133e+00 1.841904401779174805e+00 -2.393367385864257812e+01 9.608535766601562500e+00 6.933328151702880859e+00
4.563572406768798828e+00 8.327991962432861328e-01 -6.484508514404296875e-01 1.130146384239196777e+00 -8.336412429809570312e+00 2.438601970672607422e+00 1.874110221862792969e+00 -2.421222305297851562e+01 9.691089630126953125e+00 6.966661453247070312e+00
4.107210636138916016e+00 7.536740303039550781e-01 -5.055999755859375000e-02 1.282265424728393555e+00 -8.308652877807617188e+00 2.416986942291259766e+00 1.911781787872314453e+00 -2.449010276794433594e+01 9.772376060485839844e+00 6.999994754791259766e+00
3.602501630783081055e+00 6.884815692901611328e-01 3.650856018066406250e-01 1.419172406196594238e+00 -8.283530235290527344e+00 2.415301561355590820e+00 1.954523921012878418e+00 -2.476705741882324219e+01 9.852942466735839844e+00 7.033328056335449219e+00
2.769772052764892578e+00 4.411405324935913086e-01 7.765436172485351562e-01 1.539255857467651367e+00 -8.260581016540527344e+00 2.427471160888671875e+00 2.001829624176025391e+00 -2.504317474365234375e+01 9.933452606201171875e+00 7.066661357879638672e+00
2.177284240722656250e+00 3.428106307983398438e-01 1.599602699279785156e+00 1.631581544876098633e+00 -8.245876312255859375e+00 2.453356027603149414e+00 2.053138256072998047e+00 -2.531852722167968750e+01 1.001436805725097656e+01 7.099994659423828125e+00
1.889747858047485352e+00 3.345773220062255859e-01 2.804512977600097656e+00 1.704157710075378418e+00 -8.234449386596679688e+00 2.506676197052001953e+00 2.107524394989013672e+00 -2.559338951110839844e+01 1.009614658355712891e+01 7.133327960968017578e+00
1.178327560424804688e+00 3.035976886749267578e-01 3.434371948242187500e+00 1.767149329185485840e+00 -8.223297119140625000e+00 2.600159883499145508e+00 2.164329767227172852e+00 -2.586787033081054688e+01 1.017970275878906250e+01 7.166661262512207031e+00
-3.059175312519073486e-01 4.449116587638854980e-01 3.979542732238769531e+00 1.806426882743835449e+00 -8.213176727294921875e+00 2.714638948440551758e+00 2.223234653472900391e+00 -2.614198112487792969e+01 1.026637458801269531e+01 7.199994564056396484e+00
-2.019124746322631836e+00 5.865954756736755371e-01 5.057314872741699219e+00 1.796229600906372070e+00 -8.198346138000488281e+00 2.847290277481079102e+00 2.283448934555053711e+00 -2.641575431823730469e+01 1.035686302185058594e+01 7.233327865600585938e+00
-2.655528545379638672e+00 7.872256636619567871e-01 7.346714973449707031e+00 1.728925466537475586e+00 -8.178792953491210938e+00 3.015867471694946289e+00 2.343323230743408203e+00 -2.668903160095214844e+01 1.045177268981933594e+01 7.266661167144775391e+00
-2.883928298950195312e+00 8.384739160537719727e-01 9.360950469970703125e+00 1.640407800674438477e+00 -8.152551651000976562e+00 3.260757923126220703e+00 2.400954008102416992e+00 -2.696165847778320312e+01 1.055230140686035156e+01 7.299994468688964844e+00
-3.187895536422729492e+00 8.168225288391113281e-01 9.768008232116699219e+00 1.544276833534240723e+00 -8.124602317810058594e+00 3.572789669036865234e+00 2.455634355545043945e+00 -2.723340988159179688e+01 1.066099357604980469e+01 7.333327770233154297e+00
-3.663431882858276367e+00 6.330698132514953613e-01 9.644115447998046875e+00 1.438013672828674316e+00 -8.097374916076660156e+00 3.898390054702758789e+00 2.507110357284545898e+00 -2.750423049926757812e+01 1.078008651733398438e+01 7.366661071777343750e+00
-4.074976444244384766e+00 3.053238391876220703e-01 8.898931503295898438e+00 1.315899252891540527e+00 -8.076272964477539062e+00 4.219860553741455078e+00 2.555044174194335938e+00 -2.777414321899414062e+01 1.091003322601318359e+01 7.399994373321533203e+00
-4.733534336090087891e+00 -4.000984430313110352e-01 7.724154472351074219e+00 1.180066704750061035e+00 -8.066095352172851562e+00 4.516491413116455078e+00 2.598907470703125000e+00 -2.804335212707519531e+01 1.105069541931152344e+01 7.433327674865722656e+00
-4.490972995758056641e+00 -8.735377788543701172e-01 6.336906433105468750e+00 1.022282242774963379e+00 -8.079431533813476562e+00 4.773963451385498047e+00 2.638242959976196289e+00 -2.831222152709960938e+01 1.120124530792236328e+01 7.466660976409912109e+00
-3.720315933227539062e+00 -1.228975057601928711e+00 4.673805236816406250e+00 8.725831508636474609e-01 -8.108549118041992188e+00 4.985193729400634766e+00 2.672318935394287109e+00 -2.858153533935546875e+01 1.136037731170654297e+01 7.499994277954101562e+00
-2.774442672729492188e+00 -1.563087701797485352e+00 3.166572570800781250e+00 7.485725879669189453e-01 -8.149515151977539062e+00 5.140987396240234375e+00 2.701405048370361328e+00 -2.885181999206542969e+01 1.152655029296875000e+01 7.533327579498291016e+00
-1.937856435775756836e+00 -2.150795459747314453e+00 1.742444992065429688e+00 6.560911536216735840e-01 -8.201618194580078125e+00 5.246539592742919922e+00 2.726357460021972656e+00 -2.912347030639648438e+01 1.169791698455810547e+01 7.566660881042480469e+00
-1.291864871978759766e+00 -2.633333683013916016e+00 1.113967895507812500e-01 5.914959311485290527e-01 -8.273311614990234375e+00 5.304621219635009766e+00 2.748227119445800781e+00 -2.939685821533203125e+01 1.187280178070068359e+01 7.599994182586669922e+00
-7.231031656265258789e-01 -3.108699798583984375e+00 -1.083694458007812500e+00 5.484337806701660156e-01 -8.361089706420898438e+00 5.308334350585937500e+00 2.767943620681762695e+00 -2.967263603210449219e+01 1.204962253570556641e+01 7.633327484130859375e+00
-6.879869848489761353e-03 -3.364062786102294922e+00 -1.853186607360839844e+00 5.243303179740905762e-01 -8.464713096618652344e+00 5.272211074829101562e+00 2.786224842071533203e+00 -2.995133972167968750e+01 1.222656726837158203e+01 7.666660785675048828e+00
7.334448099136352539e-01 -3.296154499053955078e+00 -3.229433059692382812e+00 5.241009593009948730e-01 -8.576848983764648438e+00 5.210438251495361328e+00 2.803702592849731445e+00 -3.023349761962890625e+01 1.240230751037597656e+01 7.699994087219238281e+00
1.070256710052490234e+00 -3.262545585632324219e+00 -4.777167320251464844e+00 5.485491156578063965e-01 -8.686720848083496094e+00 5.102790355682373047e+00 2.821172714233398438e+00 -3.051939201354980469e+01 1.257598876953125000e+01 7.733327388763427734e+00
8.254248499870300293e-01 -3.468451499938964844e+00 -6.268982887268066406e+00 5.842243432998657227e-01 -8.795472145080566406e+00 4.943551540374755859e+00 2.839457750320434570e+00 -3.080894851684570312e+01 1.274608135223388672e+01 7.766660690307617188e+00
4.998731315135955811e-01 -3.889663219451904297e+00 -7.449787139892578125e+00 6.117385029792785645e-01 -8.911087036132812500e+00 4.734585285186767578e+00 2.858931779861450195e+00 -3.110213088989257812e+01 1.291086673736572266e+01 7.799993991851806641e+00
6.374627351760864258e-01 -3.969202041625976562e+00 -7.868168354034423828e+00 6.284009218215942383e-01 -9.040742874145507812e+00 4.486258983612060547e+00 2.879323005676269531e+00 -3.139916801452636719e+01 1.306868648529052734e+01 7.833327293395996094e+00
9.899242520332336426e-01 -3.957568168640136719e+00 -7.716565132141113281e+00 6.496496796607971191e-01 -9.173049926757812500e+00 4.223986625671386719e+00 2.900269746780395508e+00 -3.170052528381347656e+01 1.321822834014892578e+01 7.866660594940185547e+00
1.631156921386718750e+00 -3.773949623107910156e+00 -7.076923370361328125e+00 6.826471686363220215e-01 -9.304968833923339844e+00 3.966767787933349609e+00 2.921924829483032227e+00 -3.200629425048828125e+01 1.335902786254882812e+01 7.899993896484375000e+00
1.611477971076965332e+00 -3.649941921234130859e+00 -6.428982734680175781e+00 7.370190620422363281e-01 -9.430767059326171875e+00 3.730870246887207031e+00 2.944679737091064453e+00 -3.231645965576171875e+01 1.349125385284423828e+01 7.933327198028564453e+00
1.344490766525268555e+00 -3.515873432159423828e+00 -5.971333980560302734e+00 7.907350063323974609e-01 -9.552432060241699219e+00 3.516570806503295898e+00 2.969247102737426758e+00 -3.263081741333007812e+01 1.361561584472656250e+01 7.966660499572753906e+00
1.105963468551635742e+00 -3.237641811370849609e+00 -5.698649406433105469e+00 8.355513811111450195e-01 -9.669628143310546875e+00 3.317526340484619141e+00 2.995604991912841797e+00 -3.294923019409179688e+01 1.373283481597900391e+01 7.999993801116943359e+00
1.026474952697753906e+00 -2.885018825531005859e+00 -5.453286647796630859e+00 8.724168539047241211e-01 -9.777549743652343750e+00 3.127571344375610352e+00 3.023456811904907227e+00 -3.327155303955078125e+01 1.384341907501220703e+01 8.033327102661132812e+00
1.068912386894226074e+00 -2.452588558197021484e+00 -5.596256732940673828e+00 9.066326618194580078e-01 -9.873717308044433594e+00 2.945795059204101562e+00 3.052537441253662109e+00 -3.359747314453125000e+01 1.394767189025878906e+01 8.066660881042480469e+00
9.168261289596557617e-01 -2.158858776092529297e+00 -5.907377719879150391e+00 9.422630667686462402e-01 -9.955470085144042969e+00 2.759253263473510742e+00 3.082758426666259766e+00 -3.392659759521484375e+01 1.404586505889892578e+01 8.099994659423828125e+00
8.804873228073120117e-01 -1.701720237731933594e+00 -5.595384597778320312e+00 9.728239178657531738e-01 -1.002743244171142578e+01 2.562340736389160156e+00 3.114167213439941406e+00 -3.425844573974609375e+01 1.413784027099609375e+01 8.133328437805175781e+00
5.156219005584716797e-01 -1.260006427764892578e+00 -4.580048561096191406e+00 1.002173542976379395e+00 -1.008415603637695312e+01 2.375827789306640625e+00 3.146594762802124023e+00 -3.459269332885742188e+01 1.422325134277343750e+01 8.166662216186523438e+00
-4.435627460479736328e-01 -1.026239871978759766e+00 -3.237278461456298828e+00 1.019360899925231934e+00 -1.012615585327148438e+01 2.223159551620483398e+00 3.180000543594360352e+00 -3.492883300781250000e+01 1.430244541168212891e+01 8.199995994567871094e+00
-1.375640273094177246e+00 -1.310330867767333984e+00 -2.577817440032958984e+00 1.004575490951538086e+00 -1.016036415100097656e+01 2.115250349044799805e+00 3.213979244232177734e+00 -3.526637268066406250e+01 1.437655067443847656e+01 8.233329772949218750e+00
-8.203137516975402832e-01 -1.671116828918457031e+00 -2.449145317077636719e+00 9.587208032608032227e-01 -1.020404148101806641e+01 2.029323101043701172e+00 3.247465133666992188e+00 -3.560505294799804688e+01 1.444705867767333984e+01 8.266663551330566406e+00
8.686836361885070801e-01 -1.629165649414062500e+00 -2.368590831756591797e+00 9.313769936561584473e-01 -1.025974559783935547e+01 1.947684884071350098e+00 3.279422521591186523e+00 -3.594518661499023438e+01 1.451470279693603516e+01 8.299997329711914062e+00
1.084195613861083984e+00 -1.607115745544433594e+00 -2.299022197723388672e+00 9.603331089019775391e-01 -1.031405067443847656e+01 1.868731856346130371e+00 3.310468435287475586e+00 -3.628717803955078125e+01 1.457962608337402344e+01 8.333331108093261719e+00
-1.151169538497924805e-01 -1.984873294830322266e+00 -1.798264503479003906e+00 9.964729547500610352e-01 -1.036762142181396484e+01 1.792097806930541992e+00 3.342479467391967773e+00 -3.663098144531250000e+01 1.464191722869873047e+01 8.366664886474609375e+00
-6.682949662208557129e-01 -2.309893131256103516e+00 -9.891128540039062500e-01 9.926357269287109375e-01 -1.043378353118896484e+01 1.732155680656433105e+00 3.375695228576660156e+00 -3.697657012939453125e+01 1.470165348052978516e+01 8.399998664855957031e+00
-1.143639385700225830e-01 -2.001353263854980469e+00 -2.292346954345703125e-02 9.703592061996459961e-01 -1.051078033447265625e+01 1.699185252189636230e+00 3.408783197402954102e+00 -3.732436370849609375e+01 1.475939178466796875e+01 8.433332443237304688e+00
1.967079043388366699e-01 -1.532085418701171875e+00 1.228582382202148438e+00 9.665470719337463379e-01 -1.057749176025390625e+01 1.698421120643615723e+00 3.441128492355346680e+00 -3.767472457885742188e+01 1.481603145599365234e+01 8.466666221618652344e+00
-5.225523710250854492e-01 -1.323834419250488281e+00 8.940010070800781250e-01 9.731040000915527344e-01 -1.062856101989746094e+01 1.739373922348022461e+00 3.473346710205078125e+00 -3.802730941772460938e+01 1.487264537811279297e+01 8.500000000000000000e+00
