-1.929051876068115234e-01 1.599411964416503906e-01 -3.981761932373046875e-01 0.000000000000000000e+00
-8.117763996124267578e-01 -1.730184555053710938e-01 -5.031871795654296875e-01 3.355443200000000000e+07
-6.539225578308105469e-01 -3.414673805236816406e-01 -8.108758926391601562e-01 0.000000000000000000e+00
-5.944296121597290039e-01 -5.313978195190429688e-01 -7.680406570434570312e-01 3.355443200000000000e+07
-6.956702470779418945e-01 -4.906775951385498047e-01 -1.744213104248046875e-01 0.000000000000000000e+00
-1.002107501029968262e+00 -5.630588531494140625e-01 3.500843048095703125e-01 3.355443200000000000e+07
-1.012047767639160156e+00 -5.850741863250732422e-01 3.924999237060546875e-01 0.000000000000000000e+00
-9.739313721656799316e-01 -5.516872406005859375e-01 1.231794357299804688e-01 3.355443200000000000e+07
-1.064308404922485352e+00 -5.716793537139892578e-01 -1.458244323730468750e-01 3.355443200000000000e+07
-1.118049263954162598e+00 -4.244363307952880859e-01 1.824617385864257812e-01 0.000000000000000000e+00
-1.081888437271118164e+00 -5.056786537170410156e-02 3.960609436035156250e-01 3.355443200000000000e+07
-1.168391466140747070e+00 -2.806046009063720703e-01 4.559192657470703125e-01 0.000000000000000000e+00
-9.929909706115722656e-01 -1.929154396057128906e-01 2.465105056762695312e-01 3.355443200000000000e+07
-1.011137843132019043e+00 -1.476290225982666016e-01 8.792304992675781250e-02 3.355443200000000000e+07
-7.704623937606811523e-01 -7.095694541931152344e-02 1.940851211547851562e-01 0.000000000000000000e+00
-5.115405321121215820e-01 2.494621276855468750e-02 3.643016815185546875e-01 3.355443200000000000e+07
-5.822775363922119141e-01 1.362895965576171875e-01 3.383884429931640625e-01 0.000000000000000000e+00
-7.442337274551391602e-01 3.005640506744384766e-01 4.764556884765625000e-02 3.355443200000000000e+07
-6.832920312881469727e-01 2.967143058776855469e-01 8.230018615722656250e-02 3.355443200000000000e+07
-4.578703045845031738e-01 2.610285282135009766e-01 3.529901504516601562e-01 0.000000000000000000e+00
-2.863381206989288330e-01 2.502262592315673828e-01 3.725519180297851562e-01 3.355443200000000000e+07
-2.429813146591186523e-01 2.666687965393066406e-01 1.182975769042968750e-01 0.000000000000000000e+00
-2.535655498504638672e-01 2.135210037231445312e-01 6.558227539062500000e-02 3.355443200000000000e+07
-2.868377566337585449e-01 1.880540847778320312e-01 1.714286804199218750e-01 3.355443200000000000e+07
-3.343774378299713135e-01 1.770954132080078125e-01 2.063579559326171875e-01 0.000000000000000000e+00
-3.343774378299713135e-01 1.770954132080078125e-01 2.063579559326171875e-01 0.000000000000000000e+00
-2.771461606025695801e-01 1.759192943572998047e-01 1.163682937622070312e-01 0.000000000000000000e+00
-4.108968973159790039e-01 1.164317131042480469e-01 2.547512054443359375e-01 3.355443200000000000e+07
-6.940780282020568848e-01 5.906367301940917969e-02 1.320810317993164062e-01 3.355443200000000000e+07
-9.294345974922180176e-01 2.929282188415527344e-02 1.004981994628906250e-01 0.000000000000000000e+00
-1.251120209693908691e+00 8.372306823730468750e-02 3.985214233398437500e-01 3.355443200000000000e+07
-1.630827426910400391e+00 9.763455390930175781e-02 5.528221130371093750e-01 0.000000000000000000e+00
-1.943572282791137695e+00 7.898259162902832031e-02 6.863851547241210938e-01 3.355443200000000000e+07
-2.136514902114868164e+00 1.357879638671875000e-01 8.471612930297851562e-01 3.355443200000000000e+07
-2.421809196472167969e+00 1.153287887573242188e-01 7.887010574340820312e-01 0.000000000000000000e+00
-2.779658794403076172e+00 1.292550563812255859e-01 6.664152145385742188e-01 3.355443200000000000e+07
-2.995644807815551758e+00 1.567852497100830078e-01 5.056428909301757812e-01 0.000000000000000000e+00
-2.909260272979736328e+00 1.129055023193359375e-01 4.859180450439453125e-01 3.355443200000000000e+07
-2.730576515197753906e+00 -3.465890884399414062e-03 5.236320495605468750e-01 3.355443200000000000e+07
-2.706344127655029297e+00 -6.237220764160156250e-02 5.310821533203125000e-01 0.000000000000000000e+00
-2.523180007934570312e+00 -1.833100318908691406e-01 4.306488037109375000e-01 3.355443200000000000e+07
-2.042468309402465820e+00 -3.428690433502197266e-01 3.842716217041015625e-01 0.000000000000000000e+00
-1.699525952339172363e+00 -3.847217559814453125e-01 3.849258422851562500e-01 3.355443200000000000e+07
-1.447587728500366211e+00 -3.462715148925781250e-01 5.845880508422851562e-01 3.355443200000000000e+07
-1.036524415016174316e+00 -3.421502113342285156e-01 9.671039581298828125e-01 0.000000000000000000e+00
-3.779301941394805908e-01 -3.883347511291503906e-01 7.828798294067382812e-01 3.355443200000000000e+07
3.473743200302124023e-01 -6.602911949157714844e-01 2.656250000000000000e-01 0.000000000000000000e+00
1.251152634620666504e+00 -4.108319282531738281e-01 4.777002334594726562e-01 3.355443200000000000e+07
1.887560725212097168e+00 -3.431191444396972656e-01 5.781784057617187500e-01 0.000000000000000000e+00
2.792470455169677734e+00 -1.815309524536132812e-01 5.797224044799804688e-01 3.355443200000000000e+07
3.541212558746337891e+00 2.449626922607421875e-01 4.145374298095703125e-01 3.355443200000000000e+07
4.168248653411865234e+00 2.490463256835937500e-01 1.750593185424804688e-01 0.000000000000000000e+00
3.994279623031616211e+00 -8.511638641357421875e-02 3.919982910156250000e-01 3.355443200000000000e+07
3.585081577301025391e+00 -5.458092689514160156e-01 1.492767333984375000e-01 0.000000000000000000e+00
3.579608678817749023e+00 -3.121151924133300781e-01 3.982706069946289062e-01 3.355443200000000000e+07
3.587580680847167969e+00 -6.384034156799316406e-01 8.700628280639648438e-01 3.355443200000000000e+07
3.537414789199829102e+00 -7.003245353698730469e-01 3.209552764892578125e-01 0.000000000000000000e+00
3.399455070495605469e+00 -7.878870964050292969e-01 -8.976926803588867188e-01 3.355443200000000000e+07
3.147794723510742188e+00 -9.269957542419433594e-01 -2.317972183227539062e+00 0.000000000000000000e+00
3.174431085586547852e+00 -1.059681415557861328e+00 -2.319770812988281250e+00 3.355443200000000000e+07
3.535613536834716797e+00 -1.185367584228515625e+00 -1.475189208984375000e+00 3.355443200000000000e+07
3.503073692321777344e+00 -1.117380142211914062e+00 -6.628065109252929688e-01 0.000000000000000000e+00
3.405165910720825195e+00 -1.036245822906494141e+00 -6.481637954711914062e-01 3.355443200000000000e+07
3.248983383178710938e+00 -1.635438442230224609e+00 -1.049213409423828125e+00 0.000000000000000000e+00
3.372643947601318359e+00 -1.608625411987304688e+00 -8.389739990234375000e-01 3.355443200000000000e+07
3.306142568588256836e+00 -1.446174144744873047e+00 -3.660106658935546875e-01 3.355443200000000000e+07
3.306142568588256836e+00 -1.446174144744873047e+00 -3.660106658935546875e-01 3.355443200000000000e+07
2.311085700988769531e+00 -1.558630943298339844e+00 -7.163047790527343750e-02 3.355443200000000000e+07
2.307977914810180664e+00 -1.560729980468750000e+00 5.195922851562500000e-01 0.000000000000000000e+00
1.972295999526977539e+00 -1.709465026855468750e+00 5.599699020385742188e-01 3.355443200000000000e+07
1.606668949127197266e+00 -1.799157142639160156e+00 9.728784561157226562e-01 3.355443200000000000e+07
1.562833547592163086e+00 -1.476709365844726562e+00 8.072805404663085938e-01 0.000000000000000000e+00
9.092489480972290039e-01 -1.727654457092285156e+00 2.376518249511718750e-01 3.355443200000000000e+07
3.713647723197937012e-01 -1.861150741577148438e+00 -1.392936706542968750e-02 0.000000000000000000e+00
2.970981597900390625e-02 -2.202737808227539062e+00 9.016895294189453125e-02 3.355443200000000000e+07
5.033117532730102539e-02 -2.722338676452636719e+00 4.381895065307617188e-01 3.355443200000000000e+07
1.928526461124420166e-01 -3.003337860107421875e+00 5.098400115966796875e-01 0.000000000000000000e+00
-5.481154918670654297e-01 -3.115335464477539062e+00 6.802177429199218750e-01 3.355443200000000000e+07
-1.274433612823486328e+00 -3.130419731140136719e+00 9.285278320312500000e-01 0.000000000000000000e+00
-1.714727997779846191e+00 -3.244946956634521484e+00 1.132796287536621094e+00 3.355443200000000000e+07
-2.179960489273071289e+00 -3.078987121582031250e+00 8.077993392944335938e-01 3.355443200000000000e+07
-2.737454414367675781e+00 -2.745120525360107422e+00 3.478155136108398438e-01 0.000000000000000000e+00
-3.171902418136596680e+00 -2.576842784881591797e+00 6.244182586669921875e-02 3.355443200000000000e+07
-3.139469385147094727e+00 -2.700679779052734375e+00 -4.186925888061523438e-01 0.000000000000000000e+00
-3.054702997207641602e+00 -2.767243385314941406e+00 -7.961091995239257812e-01 3.355443200000000000e+07
-3.790174007415771484e+00 -2.259300231933593750e+00 -4.905080795288085938e-01 3.355443200000000000e+07
-4.500038146972656250e+00 -1.744375944137573242e+00 2.084531784057617188e-01 0.000000000000000000e+00
-4.000061035156250000e+00 -1.544903993606567383e+00 8.182258605957031250e-01 3.355443200000000000e+07
-3.393454551696777344e+00 -1.646674871444702148e+00 5.933609008789062500e-01 0.000000000000000000e+00
-3.511853218078613281e+00 -1.074409961700439453e+00 6.823806762695312500e-01 3.355443200000000000e+07
-4.002617359161376953e+00 -7.002046108245849609e-01 6.322450637817382812e-01 0.000000000000000000e+00
-4.497357368469238281e+00 -6.671824455261230469e-01 3.829784393310546875e-01 3.355443200000000000e+07
-3.866545438766479492e+00 -5.069363117218017578e-01 5.639839172363281250e-01 3.355443200000000000e+07
-2.979923009872436523e+00 -4.011070728302001953e-01 6.894483566284179688e-01 0.000000000000000000e+00
-2.535773515701293945e+00 2.832942008972167969e-01 1.020723342895507812e+00 3.355443200000000000e+07
-2.895462751388549805e+00 5.226163864135742188e-01 1.175838470458984375e+00 0.000000000000000000e+00
-3.446411371231079102e+00 4.788515567779541016e-01 3.282098770141601562e-01 3.355443200000000000e+07
-3.364932060241699219e+00 1.065160751342773438e+00 -2.743635177612304688e-01 3.355443200000000000e+07
-3.392749071121215820e+00 1.890198945999145508e+00 7.762537002563476562e-01 0.000000000000000000e+00
-3.781738042831420898e+00 2.369065761566162109e+00 1.447120666503906250e+00 3.355443200000000000e+07
-4.740057468414306641e+00 1.820478200912475586e+00 1.286541938781738281e+00 0.000000000000000000e+00
-4.551672935485839844e+00 1.828364849090576172e+00 1.309377670288085938e+00 3.355443200000000000e+07
-4.216258525848388672e+00 1.788534164428710938e+00 1.106534004211425781e+00 3.355443200000000000e+07
-3.728035688400268555e+00 1.406500816345214844e+00 6.571502685546875000e-01 0.000000000000000000e+00
-2.885578155517578125e+00 1.262899398803710938e+00 5.904588699340820312e-01 3.355443200000000000e+07
-1.586827278137207031e+00 1.458597421646118164e+00 1.146653175354003906e+00 0.000000000000000000e+00
-7.256493568420410156e-01 1.885176420211791992e+00 1.456696510314941406e+00 3.355443200000000000e+07
-1.289143204689025879e+00 2.235641717910766602e+00 1.094777107238769531e+00 3.355443200000000000e+07
-2.205159902572631836e+00 1.669282436370849609e+00 8.414525985717773438e-01 0.000000000000000000e+00
-1.843105554580688477e+00 7.878828048706054688e-01 9.307889938354492188e-01 3.355443200000000000e+07
-2.355670332908630371e-01 6.063706874847412109e-01 6.835231781005859375e-01 0.000000000000000000e+00
6.112421751022338867e-01 1.564273834228515625e-01 4.255485534667968750e-01 3.355443200000000000e+07
3.516190648078918457e-01 2.384672164916992188e-01 -6.026296615600585938e-01 3.355443200000000000e+07
-7.026765346527099609e-01 -5.101714134216308594e-01 -1.797060012817382812e+00 0.000000000000000000e+00
-1.689224123954772949e+00 -9.115407466888427734e-01 -1.480512619018554688e+00 3.355443200000000000e+07
-1.394116520881652832e+00 -1.720204591751098633e+00 -2.728948593139648438e-01 0.000000000000000000e+00
1.105919122695922852e+00 -2.437091827392578125e+00 4.017696380615234375e-01 3.355443200000000000e+07
2.902894020080566406e+00 -3.105612039566040039e+00 -7.569780349731445312e-01 3.355443200000000000e+07
2.722519874572753906e+00 -3.921849489212036133e+00 -2.840312957763671875e+00 0.000000000000000000e+00
3.169512271881103516e+00 -4.947132587432861328e+00 -2.421557426452636719e+00 3.355443200000000000e+07
5.994987010955810547e+00 -5.141714096069335938e+00 1.039317131042480469e+00 0.000000000000000000e+00
7.840613842010498047e+00 -4.659242630004882812e+00 3.650207519531250000e+00 3.355443200000000000e+07
7.109650611877441406e+00 -4.233528137207031250e+00 2.846158981323242188e+00 3.355443200000000000e+07
6.258605003356933594e+00 -3.786775827407836914e+00 1.163569450378417969e+00 0.000000000000000000e+00
5.994757652282714844e+00 -3.545620679855346680e+00 1.628584861755371094e+00 3.355443200000000000e+07
5.909583091735839844e+00 -3.428102731704711914e+00 1.581919670104980469e+00 0.000000000000000000e+00
6.361438274383544922e+00 -3.110183000564575195e+00 2.687752723693847656e+00 3.355443200000000000e+07
7.093430042266845703e+00 -2.182973146438598633e+00 2.431704521179199219e+00 3.355443200000000000e+07
7.007997512817382812e+00 -2.158024787902832031e+00 2.406897544860839844e+00 0.000000000000000000e+00
6.107151031494140625e+00 -1.292789459228515625e+00 1.539601325988769531e+00 3.355443200000000000e+07
5.366985321044921875e+00 -1.117607593536376953e+00 1.185353279113769531e+00 0.000000000000000000e+00
5.289949417114257812e+00 -1.097403287887573242e+00 1.170062065124511719e+00 3.355443200000000000e+07
4.598985671997070312e+00 -1.104589939117431641e+00 1.703440666198730469e+00 0.000000000000000000e+00
4.479352951049804688e+00 -1.112359762191772461e+00 1.690290451049804688e+00 3.355443200000000000e+07
4.918724536895751953e+00 -1.341446638107299805e+00 5.449914932250976562e-01 3.355443200000000000e+07
5.221156120300292969e+00 -1.311926126480102539e+00 2.596673965454101562e-01 0.000000000000000000e+00
4.476773738861083984e+00 -1.335724830627441406e+00 9.846954345703125000e-01 3.355443200000000000e+07
3.064220190048217773e+00 -1.460791587829589844e+00 1.573467254638671875e+00 0.000000000000000000e+00
2.030927181243896484e+00 -1.592813253402709961e+00 1.379173278808593750e+00 3.355443200000000000e+07
1.633146286010742188e+00 -1.105262756347656250e+00 1.547424316406250000e+00 3.355443200000000000e+07
1.033854246139526367e+00 -1.406873703002929688e+00 1.547461509704589844e+00 0.000000000000000000e+00
8.719856739044189453e-01 -1.454598426818847656e+00 1.563915252685546875e+00 3.355443200000000000e+07
9.307820796966552734e-01 -2.041172266006469727e+00 5.973749160766601562e-01 0.000000000000000000e+00
1.224171638488769531e+00 -2.237856388092041016e+00 1.205444335937500000e-02 3.355443200000000000e+07
-1.414646983146667480e+00 -2.493139982223510742e+00 1.040631294250488281e+00 3.355443200000000000e+07
-6.409410238265991211e-01 -3.055790424346923828e+00 1.312618255615234375e+00 0.000000000000000000e+00
3.814841508865356445e-01 -2.902162551879882812e+00 1.070792198181152344e+00 3.355443200000000000e+07
4.404401779174804688e-01 -2.929834842681884766e+00 1.069087028503417969e+00 0.000000000000000000e+00
-7.713913917541503906e-01 -2.562319278717041016e+00 2.744884490966796875e-01 3.355443200000000000e+07
-2.082369565963745117e+00 -2.085580110549926758e+00 -4.228506088256835938e-01 3.355443200000000000e+07
-2.631630420684814453e+00 -2.190468788146972656e+00 -1.418950080871582031e+00 0.000000000000000000e+00
-2.395483493804931641e+00 -3.022799968719482422e+00 -1.723284721374511719e+00 3.355443200000000000e+07
-2.487989187240600586e+00 -3.263246059417724609e+00 -3.779325485229492188e-01 0.000000000000000000e+00
-3.518553972244262695e+00 -2.487560033798217773e+00 1.648683547973632812e+00 3.355443200000000000e+07
-3.342413902282714844e+00 -2.495417118072509766e+00 1.633726119995117188e+00 3.355443200000000000e+07
-3.590004920959472656e+00 -2.315705299377441406e+00 7.246971130371093750e-03 0.000000000000000000e+00
-6.417319297790527344e+00 -2.434400081634521484e+00 -3.347654342651367188e-01 3.355443200000000000e+07
-6.361022949218750000e+00 -2.335546731948852539e+00 -3.527002334594726562e-01 0.000000000000000000e+00
-6.884048938751220703e+00 -2.585294723510742188e+00 1.513894081115722656e+00 3.355443200000000000e+07
-6.212838649749755859e+00 -2.483525514602661133e+00 2.885139465332031250e+00 3.355443200000000000e+07
-7.058616638183593750e+00 -2.705209970474243164e+00 2.465334892272949219e+00 0.000000000000000000e+00
-8.128852844238281250e+00 -2.703501939773559570e+00 1.253999710083007812e+00 3.355443200000000000e+07
-8.332231521606445312e+00 -2.743672847747802734e+00 1.033149719238281250e+00 0.000000000000000000e+00
-8.364105224609375000e+00 -2.720076322555541992e+00 1.022613525390625000e+00 3.355443200000000000e+07
-7.836683750152587891e+00 -2.580242156982421875e+00 1.571465492248535156e+00 3.355443200000000000e+07
-7.162370681762695312e+00 -2.419367074966430664e+00 1.519465446472167969e+00 0.000000000000000000e+00
-7.004837512969970703e+00 -3.717088699340820312e+00 1.197805404663085938e-01 3.355443200000000000e+07
-7.022277832031250000e+00 -3.705140590667724609e+00 1.232051849365234375e-01 0.000000000000000000e+00
-6.084751605987548828e+00 -4.148274898529052734e+00 8.144292831420898438e-01 3.355443200000000000e+07
-4.816262245178222656e+00 -4.087012290954589844e+00 1.709501266479492188e+00 3.355443200000000000e+07
-4.009732723236083984e+00 -3.975878000259399414e+00 1.747838973999023438e+00 0.000000000000000000e+00
-3.807160854339599609e+00 -3.735027313232421875e+00 1.216234207153320312e+00 3.355443200000000000e+07
-4.309784889221191406e+00 -3.569727420806884766e+00 4.822912216186523438e-01 0.000000000000000000e+00
-4.410029888153076172e+00 -3.288443565368652344e+00 3.132629394531250000e-02 3.355443200000000000e+07
-2.940486192703247070e+00 -2.643007040023803711e+00 -7.452487945556640625e-02 0.000000000000000000e+00
-2.861323356628417969e+00 -2.703727722167968750e+00 -4.790782928466796875e-02 3.355443200000000000e+07
-2.323264360427856445e+00 -2.620063543319702148e+00 2.812595367431640625e-01 3.355443200000000000e+07
-2.999574244022369385e-01 -2.792180061340332031e+00 1.409053802490234375e-02 0.000000000000000000e+00
-2.387849688529968262e-01 -2.868835210800170898e+00 4.872322082519531250e-02 3.355443200000000000e+07
6.835135817527770996e-01 -2.960591554641723633e+00 -8.374595642089843750e-01 0.000000000000000000e+00
1.571453809738159180e+00 -2.683169841766357422e+00 -1.330747604370117188e+00 3.355443200000000000e+07
2.312834024429321289e+00 -2.528250932693481445e+00 -1.022734642028808594e+00 3.355443200000000000e+07
4.155805110931396484e+00 -2.535891532897949219e+00 6.970882415771484375e-02 0.000000000000000000e+00
7.972788810729980469e+00 -1.853066444396972656e+00 -1.441183090209960938e-01 3.355443200000000000e+07
8.869300842285156250e+00 -1.517616033554077148e+00 -2.562646865844726562e-01 0.000000000000000000e+00
9.708184242248535156e+00 -1.227228879928588867e+00 3.133106231689453125e-01 3.355443200000000000e+07
1.058084774017333984e+01 -9.860966205596923828e-01 8.303937911987304688e-01 3.355443200000000000e+07
1.052921867370605469e+01 -8.286538124084472656e-01 7.884645462036132812e-01 0.000000000000000000e+00
1.115819835662841797e+01 -4.237616062164306641e-01 1.087246894836425781e+00 3.355443200000000000e+07
1.089258098602294922e+01 1.580827236175537109e-01 1.772147178649902344e+00 0.000000000000000000e+00
1.036363506317138672e+01 5.976529121398925781e-01 2.103394508361816406e+00 3.355443200000000000e+07
9.801218986511230469e+00 3.117599487304687500e-01 2.140468597412109375e+00 3.355443200000000000e+07
6.559397697448730469e+00 7.712172269821166992e-01 1.645308494567871094e+00 0.000000000000000000e+00
5.088166236877441406e+00 6.386829614639282227e-01 2.498435974121093750e-01 3.355443200000000000e+07
4.645623683929443359e+00 2.830871343612670898e-01 3.927612304687500000e-02 0.000000000000000000e+00
4.515285491943359375e+00 -7.490527629852294922e-02 1.245371818542480469e+00 3.355443200000000000e+07
4.324182987213134766e+00 -2.907646894454956055e-01 2.575587272644042969e+00 3.355443200000000000e+07
2.886789083480834961e+00 -2.576826810836791992e-01 3.650640487670898438e+00 0.000000000000000000e+00
7.533342838287353516e-01 3.648720979690551758e-01 4.801917076110839844e+00 3.355443200000000000e+07
-1.376486063003540039e+00 9.610353708267211914e-01 6.993968963623046875e+00 0.000000000000000000e+00
-3.337139129638671875e+00 1.502999663352966309e+00 8.281735420227050781e+00 3.355443200000000000e+07
-4.656495094299316406e+00 1.637158155441284180e+00 8.768293380737304688e+00 3.355443200000000000e+07
-5.408403873443603516e+00 1.544200778007507324e+00 8.730038642883300781e+00 0.000000000000000000e+00
-5.887261867523193359e+00 8.998508453369140625e-01 8.457840919494628906e+00 3.355443200000000000e+07
-4.997200489044189453e+00 1.333684921264648438e+00 8.393107414245605469e+00 0.000000000000000000e+00
-4.284620285034179688e+00 2.745469808578491211e-01 9.070464134216308594e+00 3.355443200000000000e+07
-2.904282569885253906e+00 -1.754226684570312500e-01 8.233723640441894531e+00 3.355443200000000000e+07
-2.236919641494750977e+00 -8.553807735443115234e-01 5.683377265930175781e+00 0.000000000000000000e+00
-2.016119480133056641e+00 -1.110242843627929688e+00 2.844236373901367188e+00 3.355443200000000000e+07
-1.975213289260864258e+00 -1.321559190750122070e+00 5.747661590576171875e-01 0.000000000000000000e+00
-2.431912899017333984e+00 -2.133161067962646484e+00 -9.896106719970703125e-01 3.355443200000000000e+07
-2.594955921173095703e+00 -3.134816646575927734e+00 -2.129765510559082031e+00 3.355443200000000000e+07
-1.806471824645996094e+00 -4.426981925964355469e+00 -3.545289039611816406e+00 0.000000000000000000e+00
-4.267636239528656006e-01 -5.609008312225341797e+00 -5.215382575988769531e+00 3.355443200000000000e+07
4.783874750137329102e-01 -5.940526485443115234e+00 -6.288777351379394531e+00 0.000000000000000000e+00
5.412695407867431641e-01 -5.869625091552734375e+00 -6.602068901062011719e+00 3.355443200000000000e+07
2.285799384117126465e-01 -6.179378509521484375e+00 -7.529743671417236328e+00 0.000000000000000000e+00
1.503816843032836914e-01 -6.236878395080566406e+00 -8.311166763305664062e+00 3.355443200000000000e+07
1.008622050285339355e-01 -6.015151977539062500e+00 -8.737719535827636719e+00 3.355443200000000000e+07
3.746132850646972656e-01 -5.893389225006103516e+00 -9.457983970642089844e+00 0.000000000000000000e+00
7.445860505104064941e-01 -5.917859077453613281e+00 -1.016865539550781250e+01 3.355443200000000000e+07
1.044919729232788086e+00 -6.030895709991455078e+00 -1.029407978057861328e+01 0.000000000000000000e+00
1.421119332313537598e+00 -5.854816436767578125e+00 -9.857505798339843750e+00 3.355443200000000000e+07
1.627016305923461914e+00 -5.346490859985351562e+00 -8.926009178161621094e+00 3.355443200000000000e+07
8.423442840576171875e-01 -5.120757102966308594e+00 -7.636720180511474609e+00 0.000000000000000000e+00
2.141799032688140869e-01 -5.229645729064941406e+00 -6.424088954925537109e+00 3.355443200000000000e+07
9.531360268592834473e-01 -5.183572292327880859e+00 -6.281802177429199219e+00 0.000000000000000000e+00
1.888515472412109375e+00 -4.842773437500000000e+00 -5.848976135253906250e+00 3.355443200000000000e+07
2.416487932205200195e+00 -4.419298171997070312e+00 -4.810983657836914062e+00 3.355443200000000000e+07
1.814180016517639160e+00 -4.054060935974121094e+00 -5.153659820556640625e+00 0.000000000000000000e+00
1.550943493843078613e+00 -2.999111652374267578e+00 -4.164294242858886719e+00 3.355443200000000000e+07
5.011051893234252930e-01 -2.195449829101562500e+00 -3.989167213439941406e-01 0.000000000000000000e+00
-1.194947481155395508e+00 -1.841310977935791016e+00 3.746309280395507812e+00 3.355443200000000000e+07
-1.486501455307006836e+00 -1.708525419235229492e+00 3.456282615661621094e+00 3.355443200000000000e+07
-1.007116079330444336e+00 -1.151201963424682617e+00 -1.863336563110351562e-01 0.000000000000000000e+00
-3.412534713745117188e+00 -4.440867900848388672e-01 1.762481689453125000e+00 3.355443200000000000e+07
-6.479459285736083984e+00 -5.294108390808105469e-02 8.081111907958984375e+00 0.000000000000000000e+00
-5.670355796813964844e+00 2.160280942916870117e-01 1.036680793762207031e+01 3.355443200000000000e+07
-2.352805852890014648e+00 -2.567682266235351562e-01 7.349133491516113281e+00 3.355443200000000000e+07
-1.955080270767211914e+00 -6.861690282821655273e-01 4.891969680786132812e+00 0.000000000000000000e+00
-3.001900196075439453e+00 -9.121626019477844238e-01 6.331215858459472656e+00 3.355443200000000000e+07
-1.878617286682128906e+00 -8.596314191818237305e-01 9.065091133117675781e+00 0.000000000000000000e+00
1.456687450408935547e-01 -3.406977653503417969e-01 9.284728050231933594e+00 3.355443200000000000e+07
1.286959648132324219e+00 2.122447341680526733e-01 6.888055801391601562e+00 3.355443200000000000e+07
1.120697021484375000e+00 1.039477348327636719e+00 5.674014091491699219e+00 0.000000000000000000e+00
9.277814626693725586e-02 1.846857428550720215e+00 6.312849044799804688e+00 3.355443200000000000e+07
9.277814626693725586e-02 1.846857428550720215e+00 6.312849044799804688e+00 3.355443200000000000e+07
-2.042595744132995605e-01 3.404714345932006836e+00 4.587310791015625000e+00 3.355443200000000000e+07
-8.316907286643981934e-01 3.983125209808349609e+00 3.858978271484375000e+00 3.355443200000000000e+07
-9.003797769546508789e-01 4.355148792266845703e+00 3.438351631164550781e+00 0.000000000000000000e+00
-6.640979647636413574e-01 4.635334491729736328e+00 3.171905517578125000e+00 3.355443200000000000e+07
-4.848773479461669922e-01 4.586674213409423828e+00 2.555701255798339844e+00 0.000000000000000000e+00
4.625462293624877930e-01 4.795614719390869141e+00 2.202829360961914062e+00 3.355443200000000000e+07
6.733108758926391602e-01 5.443293571472167969e+00 1.403071403503417969e+00 3.355443200000000000e+07
6.013715267181396484e-01 5.443263530731201172e+00 5.911998748779296875e-01 0.000000000000000000e+00
4.724747538566589355e-01 5.032568931579589844e+00 5.603885650634765625e-02 3.355443200000000000e+07
